DBRep_DrawableShape

CASCADE Topology V1, (c) Matra-Datavision
Locations 11
1
              0               0               1            -100 
              1               0               0            -100 
              0               1               0               0 
1
              0               1               0             100 
             -0               0               1               0 
              1              -0               0             100 
2  1 1 2 1 0
1
0.999183033196309 -1.42755363925674e-014 -0.0404136879364432             100 
0.0404136879364432 -5.77398788537282e-016 0.999183033196309               0 
-1.42872085676846e-014              -1 3.94108216024358e-031             100 
1
              1               0               0               0 
              0               1               0               0 
              0               0               1               0 
1
0.999183033196309 0.0404136879364432 -1.42872085676846e-014 -99.9183033196294 
-1.42755363925674e-014 -5.77398788537283e-016              -1 100.000000000001 
-0.0404136879364432 0.999183033196309 2.9582283945788e-031 4.04136879364432 
2  4 -1 5 -1 6 -1 0
1
0.0326677664276643 -2.50347243896667e-016 -0.999466266082366            -400 
0.999466266082366 -6.31970537511066e-015 0.0326677664276643            1000 
-6.32451061929194e-015              -1 4.37629659956435e-017             100 
1
              1               0               0               0 
              0               1               0               0 
              0               0               1               0 
2  8 -1 9 -1 6 -1 0
2  2 -1 1 -1 0
Curve2ds 15
1 200 0 0 1 
1 0 0 0 1 
8 0 200
1 0 0 1 0 
8 0 200
1 0 1283.09518948453 1 0 
1 0 0 1 0 
1 200 0 0 1 
1 0 0 0 1 
1 0 100 1 0 
1 0 0 1 0 
1 200 0 0 1 
1 0 0 0 1 
1 200 0 0 1 
1 0 0 0 1 
1 0 600 1 0 
1 0 0 1 0 
Curves 7
1 200 0 0 -0 1 0 
1 200 0 0 0 0 1 
1 200 0 200 0 1 -0 
1 200 100 0 0 0 1 
1 200 100 0 -0 1 0 
1 200 100 200 0 1 -0 
1 200 700 0 0 0 1 
Polygon3D 0
PolygonOnTriangulations 5
2 3 4 
p 1.23693168799252 1 0 100 
2 2 3 
p 1.23693168799252 1 0 200 
2 1 2 
p 1.23693168799252 1 0 100 
2 3 4 
p 1.23693168799252 1 0 600 
2 1 3 
p 1.23693168799252 1 0 200 
Surfaces 8
1 200 0 0 -1 0 0 0 0 1 0 1 -0 
1 0 0 0 0 0 1 1 0 -0 -0 1 0 
9 0 0 0 0 1 10 2 27 2 4 200 0 1.4210854715202001e-014  184.24269149156001 61.823984334074801 12.989423390609501  174.49553424168599 130.76813715215701 24.404078994353799  169.980566842814 203.90995985570399 34.243966811253799  168.94786117940399 279.03287850062901 42.509086841298398  169.64399442493701 354.80151103016402 49.199439084445302  170.49775266543199 429.87882800247701 54.315023540787003  169.638003049372 503.43614497928002 57.855840210245098  165.62573558124799 574.575587462562 59.821889092844501  152.76965319581601 671.87537163441903 60.3761374204989  124.75442099782001 763.69118001330401 57.770673213057201  115.02577419619099 790.19406762175095 56.731407065089201  103.61326793641 816.17372488007004 55.418966913252902  90.299757251687197 841.58999169257402 53.833352757619402  74.863382899882296 866.36033277251795 51.974564598088797  57.108745501435401 890.35004013480795 49.842602434761297  36.890882216606897 913.399473754371 47.437466267564602  -8.6589181168654292 957.33544729792902 42.080845925504597  -64.751986312179497 996.46452198215604 35.631529568069404  -95.512428964198193 1014.70718734026 32.133697385512299  -129.04210058536401 1031.53011072035 28.362691199106798  -165.39960973828801 1046.86797545173 24.318511008866199  -204.65941225943001 1060.67472781367 20.001156814774799  -246.91316986890101 1072.90863560054 15.4106286168479  -292.26412120947498 1083.5261266764601 10.5469264150736  -340.82059152156103 1092.4833542172801 5.41005020945894  -392.69668042725999 1099.7329510403599 8.3844042819691802e-013  
200 0 200  184.24269149156001 61.823984334082397 187.01057660939699  174.49553424168499 130.76813715212899 175.59592100562699  169.98056684282699 203.90995985576899 165.75603318877199  168.94786117935001 279.032878500528 157.49091315870899  169.643994424997 354.80151103027998 150.80056091553601  170.497752665402 429.87882800237901 145.68497645921599  169.63800304937601 503.43614497933697 142.14415978976399  165.62573558124899 574.57558746254097 140.17811090715099  152.76965319581399 671.87537163443403 139.62386257950499  124.75442099782001 763.69118001329502 142.22932678694099  115.02577419618601 790.19406762178596 143.26859293492399  103.613267936418 816.17372488000001 144.58103308672  90.299757251675501 841.58999169266201 146.16664724241701  74.863382899891306 866.36033277243996 148.02543540188199  57.108745501428899 890.35004013485195 150.15739756525599  36.890882216608702 913.39947375435804 152.562533732432  -8.6589181168694296 957.335447297938 157.9191540745  -64.751986312175404 996.46452198214797 164.36847043192799  -95.512428964216397 1014.70718734028 167.8663026145  -129.042100585329 1031.5301107202999 171.63730880087499  -165.39960973833499 1046.86797545179 175.68148899115701  -204.65941225938701 1060.6747278136099 179.99884318520901  -246.91316986893099 1072.9086356005801 184.58937138316301  -292.264121209461 1083.5261266764401 189.453073584924  -340.82059152156501 1092.4833542172801 194.58994979054401  -392.69668042725999 1099.7329510403599 200.00000000000099  

0 2
200 2

0 11
700 8
991.54759474226501 8
1283.09518948453 11

1 200 0 200 0 0 -1 -1 0 0 0 1 0 
1 200 100 0 -1 0 0 0 0 1 0 1 -0 
1 0 100 0 0 0 1 1 0 -0 -0 1 0 
1 200 100 200 0 0 -1 -1 0 0 0 1 0 
1 200 700 0 -0.51449575542754955 -0.85749292571253044 0 0 0 1 -0.85749292571253044 0.51449575542754955 0 
Triangulations 5
4 2 1 0
0 0 0 0 100 0 200 0 0 200 100 0 0 0 0 100 200 0 200 100 4 2 1 4 1 3 
4 2 1 0
0 0 0 200 0 0 200 0 200 0 0 200 0 0 0 200 200 200 200 0 3 2 1 3 1 4 
4 2 1 0
200 0 200 200 100 200 0 0 200 0 100 200 0 0 0 100 200 0 200 100 4 2 1 4 1 3 
4 2 1 1.4210854715202e-014
0 100 0 0 700 0 200 100 0 200 700 0 0 0 0 600 200 0 200 600 4 2 1 4 1 3 
4 2 1 1.03597130873823e-011
200 700 0 -300 1000 0 200 700 200 -300 1000 200 0 0 0 583.09518948453 200 0 200 583.09518948453 2 1 3 4 2 3 

TShapes 18
Ve
8.32809356986275e-005
200 0 0
0 0

0101101
*
Ve
1.01e-007
200 100 0
0 0

0101101
*
Ed
 1e-007 1 1 0
1  1 0 0 100
2  1 2 0 0 100
2  2 1 0 0 100
6  1 1 0
0

0101000
+18 3 -17 0 *
Ve
8.32809355907891e-005
200 0 200
0 0

0101101
*
Ed
 1e-007 1 1 0
1  2 0 0 200
2  3 3 7 0 200
2  4 3 10 0 200
2  5 1 11 0 200
6  2 2 11
0

0101000
+18 0 -15 0 *
Ve
1.01e-007
200 100 200
0 0

0101101
*
Ed
 1e-007 1 1 0
1  3 0 0 100
2  6 1 0 0 100
2  7 4 0 0 100
6  3 3 0
0

0101000
+15 3 -13 0 *
Ed
 1e-007 1 1 0
1  4 0 0 200
2  8 1 0 0 200
2  9 5 0 0 200
4 G1 5 0 1 0
0

0101000
+17 0 -13 0 *
Wi

0101100
-16 0 +14 3 +12 0 -11 0 *
Fa
0  1e-007 1 0

0101000
+10 0 *
Ve
1.01e-007
200 700 0
0 0

0101101
*
Ed
 1e-007 1 1 0
1  5 0 0 600
2  10 6 0 0 600
2  11 5 0 0 600
6  4 4 0
0

0101000
+17 0 -8 0 *
Ve
1.01e-007
200 700 200
0 0

0101101
*
Ed
 1e-007 1 1 0
1  6 0 0 600
2  12 5 0 0 600
2  13 7 0 0 600
0

0101000
+13 0 -6 0 *
Ed
 1e-007 1 1 0
1  7 0 0 200
2  14 5 0 0 200
2  15 8 0 0 200
6  5 5 0
0

0101000
+8 0 -6 0 *
Wi

0101100
-7 0 +11 0 +5 0 -4 0 *
Fa
0  1e-007 5 0

0101000
+3 0 *
Co

1100000
-9 0 -2 0 *

+1 0 