DBRep_DrawableShape

CASCADE Topology V1, (c) Matra-Datavision
Locations 358
1
0.734425828765052 -0.678687638462316 0.00133844731392124 -61.946487860326 
0.00183370035026533 1.21879866339414e-05 -0.999998318695826 23.7720045868699 
0.678686481068978 0.734427048283148 0.00125346093255371 -4.79190894831258 
2  1 -1 0
1
0.0940579002622346 0.442507629607781 -0.891818428345794 -9.04787026571088 
0.978147600733782 -0.207911690817869 1.19348975147204e-15  6.716585472118 
-0.185419477339908 -0.872330055976611 -0.452393513285544 17.8363685669159 
2  3 -1 0
1
-0.452393513285544 0.891818428345794               0               0 
              0              -0               1  6.716585472118 
0.891818428345794 0.452393513285544               0               0 
2  5 -1 0
1
              0               0               1               0 
-1.77635683940025e-16               1               0  6.716585472118 
             -1 -1.77635683940025e-16               0              20 
2  7 -1 0
1
              0              -1               0               0 
-1.62922605796766e-13              -0              -1  11.60732347579 
              1               0 -1.62922605796766e-13               0 
2  9 -1 0
1
0.721395880919545 0.692521618081853 -0.00133846240364188 -61.946487860326 
0.00183362149869497 2.26608910031159e-05 0.999998318657928 23.7720045868699 
0.692520484046872 -0.721397122239739 -0.0012534750537983 -4.79190894831258 
2  11 -1 0
1
0.732074345997725 -0.681224741697914 5.6838480335721e-05 -62.2125185497484 
7.84537762427463e-05 8.74185473206724e-07 -0.99999999692212 21.9234310561787 
0.681224739551499 0.732074348203682 5.40846222147693e-05 -5.04699631098996 
2  13 -1 0
1
0.187098028237231 -0.982341248156536 -7.53177029748644e-11               0 
-4.02557438389279e-10 -2.84343335565103e-25              -1  17.25042332776 
0.982341248156536 0.187098028237231 -3.95448776482022e-10               0 
2  15 -1 0
1
3.33066907387547e-16 -0.452393513285544 0.891818428345794 -2.93712975329967 
              1 -4.73461621947006e-17 -3.97486744808492e-16  20.49958547212 
2.22044604925031e-16 0.891818428345794 0.452393513285544 5.79006188972933 
2  17 -1 0
1
-0.452393513285544 0.891818428345794               0               0 
              0              -0               1 22.7024409738295 
0.891818428345794 0.452393513285544               0               0 
2  19 -1 0
1
             -0               1               0               0 
              0              -0               1 22.7024409738295 
              1               0               0               0 
2  21 -1 0
1
0.744617094007694 -0.491282937574596 -0.451869957575863 5.79178492274107 
0.550713875427368 0.834694092115051 -1.66533453693773e-16  20.49958547212 
0.377173183992852 -0.248851055525804 0.892083819739148 2.93373060851255 
2  23 -1 0
1
0.892083819739148 -0.451869957575863               0               0 
              0               0              -1  24.49958547212 
0.451869957575863 0.892083819739148               0               0 
2  25 -1 0
1
0.0388389646467606 0.98638524900163 0.159798859123464 -41.4209821654188 
-0.0295061916278235 -0.158717691298286 0.986883011873527 21.4510412434505 
0.998809751394524 -0.043044570167849 0.0229400413747509 -61.4061505787604 
2  27 -1 0
1
-0.452393513285543 0.891818428345795 -1.29015765273962e-13               0 
-2.85184825788007e-13 -1.0097419586829e-28               1  11.60732347579 
0.891818428345795 0.452393513285543 2.5433308312233e-13               0 
2  29 -1 0
1
             -0               1               0               0 
-1.62922605796766e-13              -0               1  11.60732347579 
              1               0 1.62922605796766e-13               0 
2  31 -1 0
1
0.108421124065542 -0.994105054738363 1.39930539846893e-10               0 
1.29062063369037e-09 -4.9113848870336e-25              -1  18.58629520147 
0.994105054738363 0.108421124065542 1.28301249570123e-09               0 
2  33 -1 0
1
              0              -1               0               0 
-6.17339290743888e-14              -0              -1  18.58629520147 
              1               0 -6.17339290743888e-14               0 
2  35 -1 0
1
0.728028827532293  0.672936348135 0.13088429103863 -71.9589883115089 
-0.032099203776552 -0.157248924948033 0.9870371911532 21.7009522426086 
0.684794616946472 -0.722792810535231 -0.0928810294931962 -14.6699607816862 
2  37 -1 0
1
0.0531817250654034 0.998584826674844 -0.000219211858950077 -41.6546034340184 
0.00290761375886464 6.46705363549671e-05 0.999995770791033 21.6504239530432 
0.998580617627489 -0.053182137532192 -0.00290005969074898 -55.0635979871577 
2  39 -1 0
1
-0.230491995124371 0.958258973318955 0.169154308952767 -8.198033689123 
0.798410501149008 0.285611386092589 -0.530063022469272  43.18485705146 
-0.556250044349281 0.0128792929918961 -0.830915165328839  33.16327506612 
2  41 -1 0
1
0.152021238344781 0.16915430895396 -0.973794825851128 -8.198033689123 
0.847007049910496 -0.530063022469316 0.0401528282019095  43.18485705146 
-0.509380604748589 -0.830915165328568 -0.223855729283305  33.16327506612 
2  43 -1 0
1
-0.255989171949756 -0.46467285269259 -0.847672509767191   17.6580483317 
0.845713341802185 -0.532391419162606 0.0364461287355268  43.17760011234 
-0.468229097069222 -0.707558136673275 0.529266469639996  29.24041207626 
2  45 -1 0
1
-0.559472237414969 0.686345361704083 -0.46467285269228   17.6580483317 
0.79588378455577 0.288319923493336 -0.532391419162613  43.17760011234 
-0.231429939815645 -0.667683807040495 -0.707558136673474  29.24041207626 
2  47 -1 0
1
0.737786513901106 0.67503392574031 -0.000508925613041059 -60.7541987891632 
0.000672091719763447 1.93550139611382e-05 0.999999773959026 18.5720379703246 
0.675033783005246 -0.737786689175814 -0.00043940484377258 -3.68669934614368 
2  49 -1 0
1
-1.97316765593306e-07 0.764044815259484 -0.645163173371715  5.125304822595 
-0.999999999999962 -2.74661611084932e-07 -1.94323154581816e-08           19.13 
-1.92048716485253e-07 0.645163173371687 0.764044815259509  51.95756711471 
2  51 -1 0
1
0.7640486433381 -0.64515863984336 6.97675706871747e-06 -60.1028270996906 
9.18304975173781e-06 6.12866877328904e-08 -0.999999999957834 19.1292114359252 
0.645158639815729 0.764048643369951 5.97134989806207e-06 -3.12071915354619 
2  53 -1 0
1
-0.00107349994620778 0.999999286058558 0.000524862115377796 0.000169783925845016 
-1.38160400277267e-05 -0.000524877249278805 0.999999862156486 43.5015667711333 
0.999999423703325 0.00107349254671678 1.43794858627496e-05 0.0110477985989384 
2  55 -1 0
1
0.0532693804765962 -0.998580178605424 -2.92981616858014e-10 -36.56248715164 
-5.50000045498436e-09 -3.6189151799195e-25              -1   21.9299910821 
0.998580178605424 0.0532693804765962 -5.4921914366682e-09  40.55051828628 
2  57 -1 0
1
-0.0612881306126 -0.998120115540215 -7.24319279423937e-14               0 
1.18182635395153e-12 -3.53409685539013e-28              -1           21.53 
0.998120115540215 -0.0612881306126 1.17960465695457e-12               0 
2  59 -1 0
1
-0.0733501622089603 0.997306248703937               0               0 
              0              -0               1           19.03 
0.997306248703937 0.0733501622089603               0               0 
2  61 -1 0
1
0.055558158558158 -0.998455452695296 -8.11013517812056e-07               0 
-1.45975593643313e-05 2.32934060494933e-21 -0.999999999893456  43.09998269987 
0.998455452588916 0.0555581585640774 -1.45750127433599e-05               0 
2  63 -1 0
1
0.831808137837147 -0.555063259302845 1.92010516558211e-12               0 
2.30835102259847e-12 -3.02922587604869e-27              -1  16.01223336237 
0.555063259302845 0.831808137837147 1.28128084221856e-12               0 
2  65 -1 0
1
-0.0603802575834173 0.744539027369299 -0.664842734199704  15.91133591731 
-0.996727726161567 -0.0808321711992879 -4.40385308775326e-08  18.00568879476 
-0.0537407144998381 0.662667184054852 0.746983359106386  14.16167558621 
2  67 -1 0
1
0.746983355650801 0.664842738082224 -1.00125663247037e-08               0 
1.34040019084232e-08 -3.30872245021211e-24               1  17.25042332776 
0.664842738082224 -0.746983355650801 -8.91155333005544e-09               0 
2  69 -1 0
1
0.667737483607268 -0.496134407709199 0.554957027591214  17.71826235052 
-0.59644984574419 -0.802650343279423 8.91356126478393e-05  18.00568879476 
0.445392225457029 -0.331063552691123 -0.831879011384448  11.82314870755 
2  71 -1 0
1
-0.452393513285569 -7.73529181980085e-19 0.891818428345782 -6.33350918599654 
4.81482486096809e-34              -1 -8.67361737988405e-19 0.4995854721183 
0.891818428345782 -3.92388823938051e-19 0.452393513285569 12.4854579968391 
2  73 -1 0
1
-0.452393513285542 0.891818428345795               0               0 
              0              -0               1 -0.5004145278817 
0.891818428345795 0.452393513285542               0               0 
2  75 -1 0
1
-4.70179450928754e-14 -0.0203286566996699 -0.999793351506594 -0.2846011937953 
             -1 2.31329447649672e-12 -8.2258649315597e-18 0.4995854721183 
2.31281660489913e-12 0.999793351506594 -0.0203286566996699  13.99710692109 
2  77 -1 0
1
-0.0203286566996678 -0.999793351506594 -7.52311424255837e-20               0 
3.70074341541776e-18 -3.61111864572607e-35              -1 0.4995854721183 
0.999793351506594 -0.0203286566996678 3.69997866236648e-18               0 
2  79 -1 0
1
1.31783473023006e-13 -0.0317845187032216 -0.999494744543864 0.4449832618451 
              1 4.09484696001947e-12 1.63155758881083e-15 -1.500414527882 
4.09272615797818e-12 -0.999494744543864 0.0317845187032216  13.99292642361 
2  81 -1 0
1
0.0317845187032314 0.999494744543864               0               0 
             -0               0               1 -1.500414527882 
0.999494744543864 -0.0317845187032314               0               0 
2  83 -1 0
1
-0.892083819739148 7.29782433274301e-16 0.451869957575863 12.4891734763445 
-1.67632942359465e-30               1 -1.6150275561344e-15 -1.500414527882 
-0.451869957575863 -1.44073995126036e-15 -0.892083819739148 6.32617940606011 
2  85 -1 0
1
0.892083819739149 -0.451869957575861               0               0 
              0               0              -1 -0.5004145278817 
0.451869957575861 0.892083819739149               0               0 
2  87 -1 0
1
-0.452393513285544 0.891818428345794               0               0 
              0              -0               1 -25.50041452788 
0.891818428345794 0.452393513285544               0               0 
2  89 -1 0
1
0.892083819739152 -0.451869957575854               0               0 
              0               0              -1 -1.500414527882 
0.451869957575854 0.892083819739152               0               0 
2  91 -1 0
1
0.0317845187032314 -0.999494744543864               0               0 
              0               0              -1 -1.500414527882 
0.999494744543864 0.0317845187032314               0               0 
2  93 -1 0
1
-0.0182532071897538 -0.891897057887106 0.451869957575863 19.9395097088873 
-0.999790645399111 0.0204613140445605 2.77555756156289e-17  30.96314910524 
-0.009245853109262 -0.451775356521241 -0.892083819739148 10.1000211043767 
2  95 -1 0
1
0.892083819739148 -0.451869957575863               0               0 
              0               0              -1 22.7024409738295 
0.451869957575863 0.892083819739148               0               0 
2  97 -1 0
1
              0               0              -1               0 
-0.550713875427368 -0.834694092115051              -0  30.96314910524 
-0.834694092115051 0.550713875427368               0  22.35161009278 
2  99 -1 0
1
0.377692894632368 0.92593092471535 1.75861926164308e-09               0 
-4.65621484183559e-09 -3.92910790962688e-24               1  16.29093509424 
0.92593092471535 -0.377692894632368 4.31133331417416e-09               0 
2  101 -1 0
1
-0.452393513285544 0.891818428345794               0               0 
              0              -0               1 0.4995854721183 
0.891818428345794 0.452393513285544               0               0 
2  103 -1 0
1
-0.0203286566996678 0.999793351506594 7.52311424255837e-20               0 
3.70074341541776e-18 3.61111864572607e-35               1 0.4995854721183 
0.999793351506594 0.0203286566996678 -3.69997866236648e-18               0 
2  105 -1 0
1
0.892083819739148 -0.451869957575863 -5.28219731503978e-17               0 
-5.9211894646675e-17 -1.84889274661175e-32              -1  6.716585472118 
0.451869957575863 0.892083819739148 -2.67560763219795e-17               0 
2  107 -1 0
1
              0              -1               0               0 
-5.9211894646675e-17              -0              -1  6.716585472118 
              1               0 -5.9211894646675e-17               0 
2  109 -1 0
1
-0.927606677655432 0.00581461547232064 0.373513107957352 -38.65147346402 
0.00757048035065827 0.999966113370093 0.00323418285997531  43.10655753703 
-0.373481645327199 0.00582772326217627 -0.927619263623427  38.56453810252 
2  111 -1 0
1
0.825417147275031 -0.56452327939984 -2.69097469355435e-10               0 
-3.26013907324088e-10 -2.84343335565103e-25              -1  17.25042332776 
0.56452327939984 0.825417147275031 -1.8404244009255e-10               0 
2  113 -1 0
1
0.162358250764226 0.984609508295982 0.0646831862381926  19.59964973745 
-0.978147496852337 0.151971478172767 0.141887787436029  13.42325228785 
0.129874065195051 -0.0863063496802416 0.98776714927891  15.67819801312 
2  115 -1 0
1
0.0110044065296793 -0.955643680842494 0.294319653272999  2.474632693365 
-0.978147597629453 -0.071401860428997 -0.195266616652737  18.02631107216 
0.207620279088191 -0.285739268552796 -0.93554630570499  46.68900257669 
2  117 -1 0
1
0.756225692057804 -0.641086602340426 -0.130884189157073 -71.9589883115089 
-0.0388150392769238 0.155727218072781 -0.987037195994783 21.7009522426086 
0.653158553031059 0.751503161570809 0.0928811216095718 -14.6699607816862 
2  119 -1 0
1
0.728711387295665 0.672119701907244 0.131281454645142 -71.8368966941409 
-0.0318805666952083 -0.158199403331536 0.986892384332121 22.1446629365539 
0.684078462965192 -0.723345045668845 -0.093854149687253 -14.5265707882838 
2  121 -1 0
1
0.703453170224026 0.71074161078536 4.8128330000583e-09 -70.54301642336 
-6.84172479957064e-09 2.8951321439356e-24               1           19.13 
0.71074161078536 -0.703453170224026 4.86269850459698e-09 -12.65096523738 
2  123 -1 0
1
0.72757061650908 -0.686032796586722               0 -70.54301642336 
              0               0              -1           18.63 
0.686032796586722 0.72757061650908               0 -12.65096523738 
2  125 -1 0
1
0.704106913063369 0.710093976158348 -1.0244993072421e-12 -70.54301642336 
1.45503372887619e-12 3.02922587604868e-27               1           18.63 
0.710093976158348 -0.704106913063369 -1.0332106859822e-12 -12.65096523738 
2  127 -1 0
1
-0.0342386875364891 0.999413684254813               0               0 
              0              -0               1           18.63 
0.999413684254813 0.0342386875364891               0               0 
2  129 -1 0
1
             -0               1               0               0 
              0              -0               1           18.63 
              1               0               0               0 
2  131 -1 0
1
0.763957224370995 -0.645266689413083 0.000508788015869854 -60.7541987891632 
0.000672143974201194 7.28589288541827e-06 -0.999999774084671 18.5720379703246 
0.645266539930472 0.763957393760146 0.000439278227547566 -3.68669934614368 
2  133 -1 0
1
              0               0               1               0 
0.978147600733402 0.207911690819657              -0           16.63 
-0.207911690819657 0.978147600733402               0  52.20974544138 
2  135 -1 0
1
              0              -1               0               0 
              0               0              -1           18.63 
              1               0               0               0 
2  137 -1 0
2  135 1 137 -1 0
1
-0.0254225594828463 0.999676794503774 -3.28336156949177e-13               0 
-1.29151495218535e-11 1.36315164422191e-27               1  18.58629520147 
0.999676794503774 0.0254225594828463 1.29109752745435e-11               0 
2  140 -1 0
1
0.0529358394305937 0.998597915528019 -2.62183501810821e-06 -41.5700470872193 
3.8243626268268e-05 5.9821530520008e-07 0.999999999268534 19.1264054432817 
0.998597914799147 -0.0529358394921414 -3.8158338444384e-05 -53.9160600441961 
2  142 -1 0
1
0.0958671961915831 -0.995394109203884 0.000219218090738042 -41.6546034340184 
0.00290771599353157 5.98129077224218e-05 -0.999995770796115 21.6504239530432 
0.995389886367179 0.0958674281736131 0.00290005746695866 -55.0635979871577 
2  144 -1 0
1
0.0453079708734567 -0.998945043854584 -0.00748245505789504 -36.40610723812 
-0.00702686159058082 0.00717127045360847 -0.999949596777892  43.09227407414 
0.998948352514542 0.0453582653817871 -0.00669453284692508  40.69097388437 
2  146 -1 0
1
-0.33563476641444 -0.941962481439803 -0.00748245505789583 -36.40610723812 
-0.00379496576750133 0.00929527506615165 -0.999949596777892  43.09227407414 
0.941984554973566 -0.335589453679959 -0.00669453284692043  40.69097388437 
2  148 -1 0
1
-0.666778519033839 0.745218370292458 0.0074824550578909 -36.40610723812 
-2.45670202930759e-11 -0.0100401147270312 0.999949596777892  43.09227407414 
0.745255933592642 0.666744911247863 0.00669453284692746  40.69097388437 
2  150 -1 0
1
-0.33563476641444 0.00748245506152103 -0.941962481439774 -36.40610723812 
-0.00379496576750133 0.999949596777856 0.00929527507000002  43.09227407414 
0.941984554973566 0.00669453284821197 -0.335589453679934  40.69097388437 
2  152 -1 0
1
0.00154996137704775 -0.0452886446845683 -0.998972740510153 -36.40610882025 
0.999726093563847 0.0233986625163304 0.00049034683329239  43.09227407889 
0.0233524188747056 -0.998699875465639 0.0453125068564795  40.69097343615 
2  154 -1 0
1
-0.707589034200094 0.706305120072699 0.0212328999166225 -0.0297058751917408 
0.0261636899258172 -0.00384017406195574 0.999650296049894 41.6680156200444 
0.706139660413749 0.707897118529426 -0.0157622830989397 0.0218238564581173 
2  156 -1 0
1
-0.666466345559192 -0.745235966025337 -0.021117887660926 0.0194790257713207 
0.0256888650694538 0.00535380990389801 -0.999655650177078 42.0882574774016 
0.745092405308509 -0.666779342557788 0.0155761320546594 -0.0287422391414386 
2  158 -1 0
1
-0.000263678665295169 -0.758366965527858 0.651827796330925 -41.40683634651 
  0.99999993407 -3.72253581367343e-05 0.000361212220996567           21.53 
-0.000249666892786848 0.651827848599875 0.758366925344257  35.58980055821 
2  160 -1 0
1
-0.758366966110396 0.651827848985078               0               0 
              0              -0               1           21.53 
0.651827848985078 0.758366966110396               0               0 
2  162 -1 0
1
-0.750292636181982 -0.661105861485959 3.37508230639878e-09               0 
-4.49835456679087e-09 2.8951321439356e-24              -1  21.92999999372 
0.661105861485959 -0.750292636181982 -2.97388857114758e-09               0 
2  164 -1 0
1
-0.00314052628962448 -0.999995068535153 -8.07019633217759e-10 -41.49231628622 
-2.56969551849932e-07 -1.03397576569128e-25 0.999999999999967   19.1299995207 
-0.999995068535119 0.00314052628962458 -2.5696828461362e-07  35.49010692016 
2  166 -1 0
1
-0.758366964169903 0.651827851242738 -2.00738292152533e-10               0 
-2.64698096880127e-10 3.36042123849667e-25               1  18.63000001927 
0.651827851242738 0.758366964169903 1.72537591717415e-10               0 
2  168 -1 0
1
0.000135842783603227 -0.671559439484815 -0.740950673652153 -36.66714583495 
-0.999999987097696 -0.000154755607835354 -4.30733026237624e-05           19.03 
-8.57399889102804e-05 0.74095066994338 -0.671559451842584  40.45590706335 
2  170 -1 0
1
-0.671559447514311 -0.740950678827055               0               0 
              0              -0              -1           19.03 
0.740950678827055 -0.671559447514311               0               0 
2  172 -1 0
1
0.0876169220130642 -0.996154242559897 2.62183501810914e-06 -41.5700470872193 
3.82413078448253e-05 7.31564088964325e-07 -0.999999999268534 19.1264054432817 
0.996154241829326 0.0876169220492378 3.81583384443921e-05 -53.9160600441961 
2  174 -1 0
1
0.0521968967699174 0.998636811074818 -5.94466919690717e-05 -41.6830519205581 
0.000783196985944524 1.85915653166531e-05 0.99999969312837 18.5547327856651 
0.998636505726719 -0.0521969273106406 -0.000781158918471424 -55.5100083483032 
2  176 -1 0
1
-0.131712400743928 0.116969686480059 -0.984362705477522  -32.4851384873 
-0.978008500524725 0.14666137271832 0.148289630971813   19.0652207418 
0.161713377281069 0.982246676857262 0.09508022618408  40.14517296453 
2  178 -1 0
1
-0.63762700644091 -0.770345247702096               0               0 
              0              -0              -1           18.63 
0.770345247702096 -0.63762700644091               0               0 
2  180 -1 0
1
-0.72692159404842 0.686720464312884 -9.18700851515057e-12               0 
-1.26382385533296e-11 -4.8467614016779e-27               1  18.58629520147 
0.686720464312884 0.72692159404842 8.67893704743951e-12               0 
2  182 -1 0
1
0.00404257722527064 0.999991828751304 -2.06086014493199e-13 -41.78881250458 
5.0978868926716e-11 -3.78653234506086e-28               1           18.63 
0.999991828751304 -0.00404257722527064 -5.09784523656998e-11 -58.90942745365 
2  184 -1 0
1
0.0873360151560323 -0.996178908090007 5.94412908971113e-05 -41.6830519205581 
0.000783244024818189 8.99852354597468e-06 -0.999999693223865 18.5547327856651 
0.996178601951208 0.0873360349204631 0.000781037072600199 -55.5100083483032 
2  186 -1 0
1
0.00314085114684968 0.999995067514872 1.94483904026531e-11 -41.78881250458 
-6.1920764446797e-09 9.69352280335579e-27               1           19.13 
0.999995067514872 -0.00314085114684968 6.19204590235472e-09 -58.90942745365 
2  188 -1 0
1
0.037338159383558 -0.999302687804775               0 -41.78881250458 
              0               0              -1           18.63 
0.999302687804775 0.037338159383558               0 -58.90942745365 
2  190 -1 0
1
0.00314084977074974 0.999995067519194               0 -41.78881250458 
             -0               0               1           21.43 
0.999995067519194 -0.00314084977074974               0 -58.90942745365 
2  192 -1 0
1
0.0349521296977772 0.98637688610242 0.160745100057461 -41.4412417634778 
-0.0281607108777785 -0.159807454782481 0.986746447553171 24.1439459503358 
0.99899215361906 -0.0390155861014371 0.0221914634198248 -61.2592666463084 
2  194 -1 0
1
0.0824249819045437 -0.983544669992056 -0.160766925977497 -41.433767695145 
-0.0361630872719928 0.158257854956546 -0.986735365973831 21.8968467595842 
0.995940938749379 0.0871454730595406 -0.0225236109057808 -61.2214959850148 
2  196 -1 0
1
0.037338159222709 -0.999302687810785 -7.74742895439465e-16 -41.78881250458 
-2.07493596783493e-14 9.86076131526265e-32              -1           19.13 
0.999302687810785 0.037338159222709 -2.07348908969272e-14 -58.90942745365 
2  198 -1 0
1
0.0356290578993236 0.98646453330834 0.160057160908113 -41.4588964868218 
-0.0276248305176845 -0.159125489379784 0.98687179885156 24.5947297433833 
0.998983202547508 -0.0395828644037202 0.0215814242699791 -61.083135540187 
2  200 -1 0
1
0.0824707698563661 -0.983544400821905 -0.160745089291022 -41.4412417634778 
-0.0358330727411264 0.158263791176346 -0.98674645340149 24.1439459503358 
0.995949076518086 0.0871377301424038 -0.0221912813600785 -61.2592666463084 
2  202 -1 0
1
-0.139703918236822 -0.467469597337798 0.872900332680723 -31.42669609466 
-0.978147598725928 -0.0719336313041371 -0.195071340268378  18.02963608709 
0.153980811583717 -0.881077594909913 -0.447204853967153  34.63831001881 
2  204 -1 0
1
0.081370922714323 -0.983790170736806 -0.159798851367164 -41.4209821654188 
-0.0363281413753611 0.157296466908843 -0.986883016188954 21.4510412434505 
0.996021605729932 0.086108776902476 -0.0229399097541418 -61.4061505787604 
2  206 -1 0
1
0.0398283452293916 0.986188468643816 0.160766934505367 -41.433767695145 
-0.0292877795782878 -0.159673267776071 0.986735361444539 21.8968467595842 
0.998777216842506 -0.0440085431669318 0.0225237484593988 -61.2214959850148 
2  208 -1 0
1
-0.730455538023589 0.68296025284834               0               0 
              0              -0               1           21.93 
0.68296025284834 0.730455538023589               0               0 
2  210 -1 0
1
-0.137418330191132 -0.99051310063395 -1.73188608349886e-09               0 
1.2603020871306e-08 3.10192729707385e-24              -1  16.29093509424 
0.99051310063395 -0.137418330191132 1.24834572805917e-08               0 
2  212 -1 0
1
0.0836331209239809 -0.983558442590933 -0.160057149457976 -41.4588964868218 
-0.0353421561794523 0.15759115719839 -0.986871804830526 24.5947297433833 
0.995869686796973 0.0881919337636403 -0.0215812357831446 -61.083135540187 
2  214 -1 0
1
0.0395322278418085 -0.999218295950321 2.9882273754882e-18 -41.78881250458 
7.55896527624459e-17 -1.92592994438724e-33              -1           21.43 
0.999218295950321 0.0395322278418085 7.55305640247676e-17 -58.90942745365 
2  216 -1 0
1
0.00404096393503961 0.999991835271906 6.7135706084733e-14 -41.78881250458 
-1.66137850186171e-11 3.78653234506086e-29               1           21.93 
0.999991835271906 -0.00404096393503961 1.66136493715798e-11 -58.90942745365 
2  218 -1 0
1
-0.721502926540936 -0.692411385660913               0               0 
              0              -0              -1           21.93 
0.692411385660913 -0.721502926540936               0               0 
2  220 -1 0
1
0.0402658680143109 -0.999189001076901               0 -41.78881250458 
              0               0              -1           21.93 
0.999189001076901 0.0402658680143109               0 -58.90942745365 
2  222 -1 0
1
-0.75836869094543 0.651825842226062 6.54196919818129e-11               0 
8.62637036086717e-11               0               1  21.92999999372 
0.651825842226062 0.75836869094543 -5.62289112582618e-11               0 
2  224 -1 0
1
0.00831204399602179 0.999965454364623 -1.40041661302311e-06 -41.761567922342 
4.02662434783247e-05 1.0657586418501e-06 0.999999999188747 21.9261455227188 
0.999965453554891 -0.00831204404566814 -4.02559938226393e-05 -59.6188606239922 
2  226 -1 0
1
0.044332308057386 -0.999016839928309 1.4003591856321e-06 -41.761567922342 
4.02689443711281e-05 3.85234809993409e-07 -0.999999999189132 21.9261455227188 
0.999016839117698 0.0443323080778293 4.02464319011643e-05 -59.6188606239922 
2  228 -1 0
1
-0.707563903930041 0.706333740181696 0.0211179860833576 0.0194790257713207 
0.0259507574167444 -0.0038917789903907 0.999655646833342 42.0882574774016 
0.706172698456105 0.707868279793089 -0.0155762132110432 -0.0287422391414386 
2  230 -1 0
1
0.000810489782599668 0.0453079460460026 0.998972738933053 -36.40610882025 
0.999975142377181 -0.00703365291901253 -0.000492294984260209  43.09227407889 
0.00700412264662483 0.998948305845557 -0.0453125205019943  40.69097343615 
2  232 -1 0
1
0.7384166550062 0.67434475126657 -6.97731558084876e-06 -60.1028270996906 
9.17925891493417e-06 2.95394776601782e-07 0.999999999957827 19.1292114359252 
0.674344751240192 -0.738416655039105 -5.97186064695814e-06 -3.12071915354619 
2  234 -1 0
1
0.165938180792834 -0.0982829547718342 0.981226263894563  4.107969995241 
-0.509620228239398 -0.860399455462851 2.90738478300745e-06  18.00568879476 
0.844246257394363 -0.500053235006581 -0.192860102237515  20.90091501827 
2  236 -1 0
1
0.192855283685975 -0.98122721097328 -6.59358885155312e-12               0 
-3.41893088202313e-11 8.07793566946316e-27              -1  16.01223336237 
0.98122721097328 0.192855283685975 -3.35474801387797e-11               0 
2  238 -1 0
1
-0.00429811183366114 0.0529999127774352 -0.998585267005402  1.132646355831 
-0.99672772576658 -0.0808321760697929 -5.1120575777705e-08  18.00568879476 
-0.0807178228326679 0.995317621946586 0.0531739082609863  21.27065533347 
2  240 -1 0
1
0.0531739096149475 0.998585266933306 -1.85960969084835e-09               0 
3.49722204802033e-08 3.92910790962688e-24 0.999999999999999  17.25042332776 
0.998585266933305 -0.0531739096149475 -3.49227441234742e-08               0 
2  242 -1 0
1
0.704106928072169 0.710093961276093 1.58332439237846e-12 -70.54301642336 
-2.24869878317143e-12 -6.05845175209737e-28               1           21.93 
0.710093961276093 -0.704106928072169 1.59678742665893e-12 -12.65096523738 
2  244 -1 0
1
0.729089386240093 -0.684418488113847               0 -70.54301642336 
              0               0              -1           21.43 
0.684418488113847 0.729089386240093               0 -12.65096523738 
2  246 -1 0
1
0.608543060956791 -0.793520852253637 7.51859604450053e-09               0 
1.23550764553609e-08 -1.65436122510606e-24              -1  16.29093509424 
0.793520852253637 0.608543060956791 9.80401079851687e-09               0 
2  248 -1 0
1
0.757740683399411 -0.639457338776263 -0.130089848207204 -71.7633400451805 
-0.0377833353101336 0.156026981004685 -0.987029888489404 24.8391637073579 
0.651461032061194 0.752827930594863 0.0940671601677277 -14.4132720697404 
2  250 -1 0
1
-0.0306951966165153 0.99952879143358               0               0 
              0              -0               1           21.93 
0.99952879143358 0.0306951966165153               0               0 
2  252 -1 0
1
0.725842134880245 0.675447842664865 0.130089996048385 -71.7633400451805 
-0.0301733653094355 -0.157675555075213 0.987029881694383 24.8391637073579 
0.687199216572889 -0.720353129493517 -0.0940670270100234 -14.4132720697404 
2  254 -1 0
1
0.75696253128072 -0.640189884998503 -0.131013882404456 -71.8724085719519 
-0.0382940439555549 0.156689649108126 -0.986905223443418 24.3896208655737 
0.652335260762911 0.752067327443478 0.0940927338183409 -14.5511360332227 
2  256 -1 0
1
-0.0176124347868648 -0.999844889040734               0               0 
              0              -0              -1           21.93 
0.999844889040734 -0.0176124347868648               0               0 
2  258 -1 0
1
0.729596467717489 -0.683877908909305               0 -70.54301642336 
              0               0              -1           21.93 
0.683877908909305 0.729596467717489               0 -12.65096523738 
2  260 -1 0
1
-0.073350158266719 0.997306248993882 8.5642233659918e-13               0 
1.16758076170064e-11 -9.08767762814606e-28               1  21.92999999915 
0.997306248993882 0.073350158266719 -1.16443558984908e-11               0 
2  262 -1 0
1
0.703045547307673 0.711144820116314 -5.68558725098834e-05 -62.2125185497484 
7.84468473826147e-05 2.39636925405251e-06 0.999999996920175 21.9234310561787 
0.71114481806236 -0.70304554960258 -5.41023124368348e-05 -5.04699631098996 
2  264 -1 0
1
-0.0612881285309891 -0.998120115668034 6.37492100539576e-10               0 
-1.04015592549419e-08 1.13737334226041e-24              -1  21.92999999915 
0.998120115668034 -0.0612881285309891 -1.03820055266705e-08               0 
2  266 -1 0
1
2.93377347302251e-06 -0.0733501620739984 0.997306248709548   -4.0049188514 
0.999999999460691 3.28381155032631e-05 -5.26510665856858e-07           21.53 
-3.27110381445759e-05 0.997306248173236 0.0733501621307795  54.45292117962 
2  268 -1 0
1
-0.0733501622089488 0.997306248703938               0               0 
              0              -0               1           21.53 
0.997306248703938 0.0733501622089488               0               0 
2  270 -1 0
1
-0.703452911574148 -0.710741866782744 -1.83683751002588e-07 -4.137037257642 
-2.61117337039013e-07 -2.64697796016969e-23 0.999999999999966  19.12999946129 
-0.71074186678272 0.703452911574172 -1.85587023576447e-07  54.44304292312 
2  272 -1 0
1
-0.0733501590899703 0.997306248933334 -5.54159259056453e-13               0 
-7.5549837373458e-12 2.01948391736579e-28               1  18.63000000055 
0.997306248933334 0.0733501590899703 7.53463249184468e-12               0 
2  274 -1 0
1
5.10579542198495e-05 0.0525370509202278 -0.998618974220744  2.868522981185 
-0.999999998295137 -2.56123819792009e-05 -5.24760238908183e-05           19.03 
-2.83339461586625e-05 0.998618975197553 0.0525370495229435  54.52459606367 
2  276 -1 0
1
0.0525370509606594 -0.998618975523877               0               0 
              0               0              -1           19.03 
0.998618975523877 0.0525370509606594               0               0 
2  278 -1 0
1
0.738588360314868 -0.674156563538401 0.000402300246328401  3.011009845644 
0.000544687959174814 1.0842021724855e-19 -0.999999851657503  21.92852589047 
0.674156463532333 0.738588469878927 0.000367204962758038   54.5169131528 
2  280 -1 0
1
0.0555575414983071 0.998454922209345 0.00106202570372472  3.033475704425 
6.62190302361232e-10 -0.00106366859044684 0.999999434304405  43.09917983384 
0.998455487031177 -0.0555575100689474 -5.9095473021363e-05  54.51566770343 
2  282 -1 0
1
0.428727537968756 0.00106202570516376 -0.903433212965214  3.033475704425 
-0.000401931047928625 0.999999434304403 0.000984805720003025  43.09917983384 
0.903433747786013 -5.9095473693812e-05 0.42872772230058  54.51566770343 
2  284 -1 0
1
0.0555748368001931 -0.99845438655219 -0.000524870767336432 0.000169783925845016 
-4.37308015657315e-05 0.0005232491036735 -0.999999862148987 43.5015667711333 
0.998454523552399 0.0555748520921649 -1.45837271082459e-05 0.0110477985989384 
2  286 -1 0
1
-0.0010733186370723 0.999999423993386 1.619570766991e-08               0 
1.50893752411151e-05 -3.63959469523332e-23 0.999999999886156  43.09998269987 
0.999999423879541 0.00107331863719449 -1.50893665495352e-05               0 
2  288 -1 0
1
-0.999999475786514 7.71287117826509e-05 0.00102101805039729 -0.05860422009445 
0.00102101796283449 -1.17464787704249e-06 0.999999478760334  43.10081261656 
7.71298709167922e-05 0.999999997024891 1.09589746109586e-06  54.59996854894 
2  290 -1 0
1
-0.920072066200226 0.00102101804866065 -0.39174781495267 -0.05860422009445 
0.000938981361038316 0.999999478760336 0.000400990099997113  43.10081261656 
0.3917480201763 1.09589336213405e-06 -0.920072545339088  54.59996854894 
2  292 -1 0
1
0.000431646335630893 -0.920072531467631 0.391747814952663 -0.05860422009445 
0.999999875079055 0.000298410480511175 -0.000400990099990262  43.10081261656 
0.000252038322692272 0.391747939101063 0.920072545339091  54.59996854894 
2  294 -1 0
1
             -1               0               0 -4.137037257642 
              0              -0               1  19.12999946129 
              0               1               0  54.44304292312 
2  296 -1 0
1
0.00154600608371262 -0.335714601149554 0.941962481439779 -36.40610723812 
0.999726125851211 -0.0214772240269003 -0.00929527507000038  43.09227407414 
0.0233512988015176 0.941718872818791 0.335589453679921  40.69097388437 
2  298 -1 0
1
-0.33563476641444 0.941962481439803 0.00748245505789583 -36.40610723812 
-0.00379496576750133 -0.00929527506615165 0.999949596777892  43.09227407414 
0.941984554973566 0.335589453679959 0.00669453284692043  40.69097388437 
2  300 -1 0
1
0.00118079589226161 0.42872722730474 0.903433212965215  3.033475704425 
0.999999284584912 -0.000678960497941726 -0.000984805720004748  43.09917983384 
0.000191182438360472 0.903433729490012 -0.42872772230058  54.51566770343 
2  302 -1 0
1
0.428727537968756 0.903433212965216 0.00106202570372698  3.033475704425 
-0.000401931047928625 -0.00098480571841267 0.999999434304405  43.09917983384 
0.903433747786013 -0.42872772230058 -5.90954730119823e-05  54.51566770343 
2  304 -1 0
1
0.0245268741384662 0.226101900899946 -0.973794825851127 -8.198033689123 
0.997091942103991 0.0647719798885219 0.0401528282019122  43.18485705146 
0.0721532496585372 -0.97194779748233 -0.223855729283306  33.16327506612 
2  306 -1 0
1
0.152021238344781 -0.973794825851335 -0.169154308952766 -8.198033689123 
0.847007049910496 0.0401528282025595 0.530063022469267  43.18485705146 
-0.509380604748589 -0.223855729282286 0.830915165328843  33.16327506612 
2  308 -1 0
1
0.000433855440267194 -0.927624800203992 -0.373513107957354 -38.65147346402 
0.999993203621846 0.00176996365663111 -0.0032341828599684  43.10655753703 
0.00366121285566121 -0.373509166253198 0.927619263623426  38.56453810252 
2  310 -1 0
1
0.0624087366262231 -0.526836279860935 -0.847672509767192   17.6580483317 
0.997561002872629 0.0595291966008972 0.0364461287355267  43.17760011234 
0.0312601206087495 -0.847879595800219 0.529266469639995  29.24041207626 
2  312 -1 0
1
-0.255989171949757 -0.847672509767363 0.464672852692277   17.6580483317 
0.845713341802185 0.0364461287353298 0.53239141916262  43.17760011234 
-0.468229097069222 0.529266469639735 0.70755813667347  29.24041207626 
2  314 1 312 -1 0
2  314 -1 0
1
             -1               0               0 -41.49231628622 
              0              -0               1   19.1299995207 
              0               1               0  35.49010692016 
2  317 -1 0
1
0.892083819739148 -0.451869957575863               0               0 
              0               0              -1 0.4995854721183 
0.451869957575863 0.892083819739148               0               0 
2  319 -1 0
1
-0.0203286566996699 -1.99564963537571e-18 0.999793351506594 -0.2846011937953 
5.55111512312579e-17              -1 -8.67361737988404e-19 0.4995854721183 
0.999793351506594 5.54820476364827e-17 0.0203286566996699  13.99710692109 
2  321 -1 0
1
-0.0203286566996676 0.999793351506594               0               0 
              0              -0               1 -0.5004145278817 
0.999793351506594 0.0203286566996676               0               0 
2  323 -1 0
1
0.0317845187032309 0.999494744543864 6.81056556675447e-16               0 
-2.14273043752655e-14 3.94430452610506e-31               1 -0.5004145278817 
0.999494744543864 -0.0317845187032309 2.14164781128196e-14               0 
2  325 -1 0
1
2.06057393370429e-12 0.892083819739148 -0.451869957575863 12.489173476346 
             -1 2.31018185195356e-12 6.68150368134125e-16 0.4995854721183 
1.04449782156735e-12 0.451869957575863 0.892083819739148 6.32617940606101 
2  327 -1 0
1
0.892083819739148 -0.451869957575863 -2.54325191595536e-13               0 
-2.85091138263109e-13 -3.28166136571941e-28              -1  11.60732347579 
0.451869957575863 0.892083819739148 -1.28824120552206e-13               0 
2  329 -1 0
1
             -0               0              -1               0 
0.978147600733783 -0.207911690817868              -0  6.716585472118 
-0.207911690817868 -0.978147600733783               0              20 
2  331 -1 0
1
             -0               1               0               0 
-5.9211894646675e-17              -0               1  6.716585472118 
              1               0 5.9211894646675e-17               0 
2  333 -1 0
1
-0.892083819739148 -1.58465919451194e-16 0.451869957575863 17.841676394783 
-1.77635683940025e-16               1 2.09541177949331e-31  6.716585472118 
-0.451869957575863 -8.02682289659385e-17 -0.892083819739148 9.03739915151726 
2  335 -1 0
1
0.0981675869254741 -0.995169897493503               0               0 
              0               0              -1           18.63 
0.995169897493503 0.0981675869254741               0               0 
2  337 -1 0
1
              0               0              -1               0 
              1               0               0           16.63 
              0              -1               0  52.20974544138 
2  339 -1 0
1
             -0               1               0               0 
-6.17339290743888e-14              -0               1  18.58629520147 
              1               0 6.17339290743888e-14               0 
2  341 -1 0
1
              0              -1               0               0 
              0               0              -1 22.7024409738295 
