DBRep_DrawableShape

CASCADE Topology V1, (c) Matra-Datavision
Locations 151
1
              0               1               0               0 
              0               0              -1            -450 
             -1               0               0               0 
2  1 -1 0
1
              0               1               0               0 
              0               0               1            -440 
              1               0               0               0 
2  3 -1 0
1
-0.754543529228101 -0.656250000000001               0               0 
              0               0               1            -440 
-0.656250000000001 0.754543529228101               0               0 
2  5 -1 0
1
              0              -1               0            -450 
-0.707106781186548               0 -0.707106781186548  219.2031021678 
0.707106781186548               0 -0.707106781186548 -240.4163056034 
2  7 -1 0
1
              0               1               0            -450 
-0.707106781186548               0 0.707106781186548  219.2031021678 
0.707106781186548               0 0.707106781186548 -240.4163056034 
2  9 -1 0
1
              0               1               0            -450 
-0.707106781186548               0 0.707106781186548  247.4873734153 
0.707106781186548               0 0.707106781186548  -212.132034356 
2  11 -1 0
1
              0              -1               0            -430 
-0.707106781186548               0 -0.707106781186548 -229.8097038856 
0.707106781186548               0 -0.707106781186548  152.0279579551 
2  13 -1 0
1
              0               1               0            -430 
0.707106781186548               0 -0.707106781186548 -229.8097038856 
-0.707106781186548               0 -0.707106781186548  152.0279579551 
2  15 -1 0
1
              0               1               0            -430 
-0.707106781186548               0 0.707106781186548 -173.2411613907 
0.707106781186548               0 0.707106781186548    208.59650045 
2  17 -1 0
1
              0               0              -1            -515 
-0.954128440366984 0.299397593983095               0               0 
0.299397593983095 0.954128440366984               0               0 
2  19 -1 0
1
              0              -1               0            -410 
0.707106781186548               0 0.707106781186548  -212.132034356 
-0.707106781186548               0 0.707106781186548  247.4873734153 
2  21 -1 0
1
              0               1               0            -410 
0.707106781186548               0 -0.707106781186548  -212.132034356 
-0.707106781186548               0 -0.707106781186548  247.4873734153 
2  23 -1 0
1
              0              -1               0            -430 
-0.707106781186548               0 -0.707106781186548 -173.2411613907 
0.707106781186548               0 -0.707106781186548    208.59650045 
2  25 -1 0
1
              0               0               1            -513 
-0.639252523127788 -0.768996886648286               0               0 
0.768996886648286 -0.639252523127788               0               0 
2  27 -1 0
1
              0              -1               0            -430 
0.707106781186548               0 0.707106781186548    208.59650045 
-0.707106781186548               0 0.707106781186548 -173.2411613907 
2  29 -1 0
1
              0               1               0            -430 
-0.707106781186548               0 0.707106781186548    208.59650045 
0.707106781186548               0 0.707106781186548 -173.2411613907 
2  31 -1 0
1
              0              -1               0            -450 
0.707106781186548               0 0.707106781186548  247.4873734153 
-0.707106781186548               0 0.707106781186548  -212.132034356 
2  33 -1 0
1
              0               0              -1            -515 
0.768996886648286 -0.639252523127788               0               0 
-0.639252523127788 -0.768996886648286               0               0 
2  35 -1 0
1
              0              -1               0            -410 
-0.707106781186548               0 -0.707106781186548 -240.4163056034 
0.707106781186548               0 -0.707106781186548  219.2031021678 
2  37 -1 0
1
0.360240286271298 -0.932859547920893               0               0 
-0.932859547920893 -0.360240286271298               0             410 
              0               0              -1             325 
2  39 -1 0
1
              0               0              -1             345 
0.707106781186548 -0.707106781186548               0               0 
-0.707106781186548 -0.707106781186548               0               0 
2  41 -1 0
1
              0               0               1             345 
-0.335191510886799 0.942150015140596               0            -140 
-0.942150015140596 -0.335191510886799               0            -210 
2  43 -1 0
1
              0               0               1             365 
-0.707106781186548 -0.707106781186548               0               0 
0.707106781186548 -0.707106781186548               0               0 
2  45 -1 0
1
              0               0               1             513 
-0.639252523127788 -0.768996886648286               0               0 
0.768996886648286 -0.639252523127788               0               0 
2  47 -1 0
1
              0               0              -1             515 
0.768996886648286 -0.639252523127788               0               0 
-0.639252523127788 -0.768996886648286               0               0 
2  49 -1 0
1
              0               0              -1            -515 
0.707106781186548 -0.707106781186548               0            -140 
-0.707106781186548 -0.707106781186548               0            -210 
2  51 -1 0
1
              0               0              -1            -365 
0.707106781186548 -0.707106781186548               0               0 
-0.707106781186548 -0.707106781186548               0               0 
2  53 -1 0
1
              0               0               1            -345 
-0.707106781186548 -0.707106781186548               0               0 
0.707106781186548 -0.707106781186548               0               0 
2  55 -1 0
1
              0               0               1            -345 
-0.335191510886799 0.942150015140596               0            -140 
-0.942150015140596 -0.335191510886799               0            -210 
2  57 -1 0
1
              0              -1               0            -430 
-0.707106781186548               0 -0.707106781186548  152.0279579551 
0.707106781186548               0 -0.707106781186548 -229.8097038856 
2  59 -1 0
1
-0.986344950016592 0.164692560781499               0            -335 
-0.164692560781499 -0.986344950016592               0            -260 
              0               0               1             325 
2  61 -1 0
1
              0               1               0             335 
             -1               0               0            -260 
              0               0               1             325 
2  63 -1 0
1
              0               0               1             515 
-0.639252523127788 -0.768996886648286               0               0 
0.768996886648286 -0.639252523127788               0               0 
2  65 -1 0
1
              0               0               1             515 
-0.399999999999988 0.916515138991173               0            -140 
-0.916515138991173 -0.399999999999988               0            -210 
2  67 -1 0
1
              0              -1               0             410 
0.707106781186548               0 0.707106781186548  -212.132034356 
-0.707106781186548               0 0.707106781186548  247.4873734153 
2  69 -1 0
1
              0               1               0             410 
0.707106781186548               0 -0.707106781186548  -212.132034356 
-0.707106781186548               0 -0.707106781186548  247.4873734153 
2  71 -1 0
1
              0              -1               0             430 
0.707106781186548               0 0.707106781186548 -173.2411613907 
-0.707106781186548               0 0.707106781186548    208.59650045 
2  73 -1 0
1
              0               1               0             430 
0.707106781186548               0 -0.707106781186548 -173.2411613907 
-0.707106781186548               0 -0.707106781186548    208.59650045 
2  75 -1 0
1
              0               1               0             410 
0.707106781186548               0 -0.707106781186548 -240.4163056034 
-0.707106781186548               0 -0.707106781186548  219.2031021678 
2  77 -1 0
1
              0              -1               0             410 
-0.707106781186548               0 -0.707106781186548 -240.4163056034 
0.707106781186548               0 -0.707106781186548  219.2031021678 
2  79 -1 0
1
              0              -1               0             430 
0.707106781186548               0 0.707106781186548 -229.8097038856 
-0.707106781186548               0 0.707106781186548  152.0279579551 
2  81 -1 0
1
              0               1               0             430 
-0.707106781186548               0 0.707106781186548 -229.8097038856 
0.707106781186548               0 0.707106781186548  152.0279579551 
2  83 -1 0
1
              0               1               0            -430 
-0.707106781186548               0 0.707106781186548  152.0279579551 
0.707106781186548               0 0.707106781186548 -229.8097038856 
2  85 -1 0
1
              0              -1               0             430 
0.707106781186548               0 0.707106781186548    208.59650045 
-0.707106781186548               0 0.707106781186548 -173.2411613907 
2  87 -1 0
1
              0               1               0             430 
0.707106781186548               0 -0.707106781186548    208.59650045 
-0.707106781186548               0 -0.707106781186548 -173.2411613907 
2  89 -1 0
1
              0              -1               0             450 
0.707106781186548               0 0.707106781186548  247.4873734153 
-0.707106781186548               0 0.707106781186548  -212.132034356 
2  91 -1 0
1
              0               1               0             450 
-0.707106781186548               0 0.707106781186548  247.4873734153 
0.707106781186548               0 0.707106781186548  -212.132034356 
2  93 -1 0
1
              0              -1               0             430 
-0.707106781186548               0 -0.707106781186548  152.0279579551 
0.707106781186548               0 -0.707106781186548 -229.8097038856 
2  95 -1 0
1
              0               1               0             430 
0.707106781186548               0 -0.707106781186548  152.0279579551 
-0.707106781186548               0 -0.707106781186548 -229.8097038856 
2  97 -1 0
1
              0               1               0             450 
0.707106781186548               0 -0.707106781186548  219.2031021678 
-0.707106781186548               0 -0.707106781186548 -240.4163056034 
2  99 -1 0
1
              0              -1               0             450 
-0.707106781186548               0 -0.707106781186548  219.2031021678 
0.707106781186548               0 -0.707106781186548 -240.4163056034 
2  101 -1 0
1
              0              -1               0               0 
              0               0              -1            -450 
              1               0               0               0 
2  103 -1 0
1
              0               1               0            -410 
0.707106781186548               0 -0.707106781186548 -240.4163056034 
-0.707106781186548               0 -0.707106781186548  219.2031021678 
2  105 -1 0
1
              0               1               0               0 
              0               0               1            -450 
              1               0               0               0 
2  107 -1 0
1
              0              -1               0               0 
              0               0               1            -450 
             -1               0               0               0 
2  109 -1 0
1
              0               1               0               0 
              0               0               1            -656 
              1               0               0               0 
2  111 -1 0
1
              0              -1               0               0 
              0               0               1            -656 
             -1               0               0               0 
2  113 -1 0
1
              0              -1               0               0 
              0               0               1            -666 
             -1               0               0               0 
2  115 -1 0
1
              0              -1               0               0 
              0               0              -1            -746 
              1               0               0               0 
2  117 -1 0
1
              0               1               0               0 
              0               0               1            -666 
              1               0               0               0 
2  119 -1 0
1
              0               1               0               0 
              0               0              -1            -746 
             -1               0               0               0 
2  121 -1 0
1
              0              -1               0               0 
              0               0               1            -746 
             -1               0               0               0 
2  123 -1 0
1
              0               1               0               0 
              0               0               1            -746 
              1               0               0               0 
2  125 -1 0
1
             -1               0               0               0 
              0               0              -1           -1345 
              0              -1               0               0 
2  127 -1 0
1
             -1               0               0               0 
              0               0               1           -1345 
              0               1               0               0 
2  129 -1 0
1
             -1               0               0               0 
              0               0               1           -1285 
              0               1               0               0 
2  131 -1 0
1
              1               0               0               0 
              0               0               1           -1285 
              0              -1               0               0 
2  133 -1 0
1
              0              -1               0               0 
              0               0               1            -666 
             -1               0               0               0 
2  135 -1 0
1
              0               1               0               0 
              0               0               1            -666 
              1               0               0               0 
2  137 -1 0
1
1.11022302462516e-16               0               1               0 
              0               1               0               0 
             -1               0 1.11022302462516e-16               0 
1
1.11022302462516e-16               0               1               0 
              0               1               0               0 
             -1               0 1.11022302462516e-16               0 
1
-0.44807361612917               0 0.893996663600558               0 
              0               1               0               0 
-0.893996663600558               0 -0.44807361612917               0 
1
0.893996663600556               0 -0.448073616129175               0 
              0               1               0               0 
0.448073616129175               0 0.893996663600556               0 
2  139 1 140 1 141 1 142 1 0
1
              0               1               0               0 
              0               0               1            -450 
              1               0               0               0 
2  144 -1 0
1
1.11022302462516e-16               0               1               0 
              0               1               0               0 
             -1               0 1.11022302462516e-16               0 
1
1.11022302462516e-16               0               1               0 
              0               1               0               0 
             -1               0 1.11022302462516e-16               0 
2  146 1 147 1 0
1
              0               1               0               0 
              0               0               1            -450 
              1               0               0               0 
2  149 -1 0
1
1.11022302462516e-16               0               1               0 
              0               1               0               0 
             -1               0 1.11022302462516e-16               0 
Curve2ds 1580
6 0 6 0.062831853071000296 33.397048853509098  0.086337154190069404 33.4123096479818  0.10983564967417001 33.3338206565546  0.13332578033024101 33.1659827618451  0.15680565464882301 32.913425922894596  0.180273627252241 32.581234931838203  0.203728585109545 32.175072249702701  
6 0 3 2.0278947720149998 535.599999999999  2.0278332749918002 550.643412365941  2.0316933006325102 565.67194026843799  2.0392293991891299 580.53444492877702  
6 0 1 0.062831853071000393 2.5027635926091398  0.062831853071000199 33.397048853509098  
6 0 1 3.2044245066619998 2.50276359258898  3.2044245066619998 33.397048853488997  
6 0 11 1.16229125814427e-07 0.499999999999999  -1.21518356721643e-05 0.48215001935450502  0.00068781077889436498 0.46430007414061503  0.0020933863984721299 0.44648072086804103  0.0041995212500580796 0.42872253061659199  0.0070015157337095296 0.411055999336984  0.010494243945299299 0.39351145982515301  0.014671667337855699 0.37611899536872501  0.019526547266517601 0.35890835516151198  0.025050289969776901 0.34190887165489797  0.031232878195626101 0.32514938006669097  0.038062858359081499 0.30865814030148803  
6 0 1 0.062831853071000199 2.5027635925890301  0.45553093476972401 2.5027635925890301  
6 0 11 0.038062858359081499 0.30865814030148803  0.044892838522536803 0.29216690053628402  0.052370210623598201 0.27594391259408502  0.060483521077281902 0.26001743637948599  0.069219879965627507 0.24441515648387599  0.078564948195220502 0.22916410410579899  0.088502980186090194 0.21429058138284399  0.099016890978451302 0.199820088389108  0.110088331321614 0.18577725308579099  0.12169776300914301 0.17218576452773099  0.133824531619638 0.15906830962879701  0.146446936362358 0.14644651377697601  
6 0 1 0.45553093476972401 2.5027635925890301  0.84823001646844798 2.5027635925890199  
6 0 11 0.146446936362358 0.14644651377697601  0.159069341105078 0.13382471792515399  0.17218738198002401 0.121698581120445  0.185779358196456 0.110089728750833  0.19982252259429401 0.099018724678421294  0.214293151489751 0.088505011854512497  0.22916661162581001 0.078566856784393305  0.244417423926791 0.069221298132652598  0.26001932629611502 0.060484099747822102  0.27594533788082898 0.052369708360912801  0.292167826504588 0.044891216179100898  0.30865858006712099 0.038060328556427797  
6 0 1 0.84823001646844798 2.5027635925890199  1.2409290981671699 2.5027635925890199  
6 0 11 0.30865858006712099 0.038060328556427797  0.32514933362965398 0.031229440933754699  0.34190835213096099 0.025046157870220201  0.35890742347076998 0.019522184719865901  0.37611775562488298 0.014667839983598101  0.39351004804463502 0.0104920229798885  0.41105456702284499 0.0070021865924869099  0.42872122582425498 0.0042043152770113298  0.44647966947482698 0.00210290846888548  0.46429936301875901 0.00070096948962853397  0.48214968150937298 7.01478805598121e-17  0.49999999999998601 8.7169854667834606e-17  
6 0 1 1.2409290981671699 2.5027635925890199  1.6336281798659 2.5027635925890199  
6 0 11 0.49999999999998601 1.11022302462516e-16  0.51785031849060004 1.31208175637519e-16  0.53570063698121295 0.00070096948962863296  0.55352033052514604 0.0021029084688856201  0.57127877417571704 0.0042043152770114998  0.58894543297712698 0.0070021865924871102  0.60648995195533695 0.0104920229798888  0.62388224437508999 0.014667839983598399  0.64109257652920204 0.019522184719866099  0.65809164786901098 0.025046157870220499  0.67485066637031799 0.0312294409337549  0.69134141993285103 0.038060328556427998  
6 0 1 1.6336281798659 2.5027635925890199  2.02632726156462 2.5027635925890102  
6 0 11 0.69134141993285103 0.038060328556427998  0.70783217349538397 0.044891216179101197  0.72405466211914304 0.052369708360913099  0.73998067370385701 0.060484099747822297  0.75558257607318102 0.069221298132652695  0.77083338837416104 0.078566856784393305  0.78570684851021999 0.0885050118545124  0.80017747740567702 0.099018724678421197  0.81422064180351605 0.110089728750833  0.82781261801994699 0.121698581120445  0.84093065889489205 0.13382471792515399  0.85355306363761296 0.14644651377697501  
6 0 1 2.02632726156462 2.5027635925890102  2.4190263432633401 2.5027635925890102  
6 0 11 0.85355306363761396 0.14644651377697501  0.86617546838033399 0.15906830962879701  0.87830223699082899 0.17218576452772999  0.88991166867835902 0.18577725308579099  0.90098310902152101 0.199820088389108  0.91149701981388198 0.21429058138284399  0.92143505180475205 0.22916410410579899  0.93078012003434496 0.24441515648387599  0.93951647892268997 0.26001743637948599  0.94762978937637399 0.27594391259408502  0.95510716147743502 0.29216690053628502  0.96193714164089095 0.30865814030148803  
6 0 1 2.4190263432633401 2.5027635925890102  2.81172542496207 2.5027635925890102  
6 0 11 0.96193714164088595 0.30865814030148803  0.96876712180434099 0.32514938006669097  0.97494971003019004 0.34190887165489797  0.98047345273344899 0.35890835516151198  0.98532833266211095 0.37611899536872401  0.98950575605466695 0.39351145982515101  0.99299848426625703 0.411055999336981  0.99580047874990796 0.42872253061658899  0.99790661360149402 0.44648072086803597  0.99931218922107101 0.46430007414061097  1.00001215183564 0.48215001935450202  0.99999988377083704 0.5  
6 0 1 2.81172542496207 2.5027635925890102  3.2044245066607902 2.5027635925890102  
6 0 1 3.2044245066610002 2.5027635925890102  3.2044245066610002 12.502763592589  
6 0 1 0.0628318530719989 2.50276359258114  0.062831853071998803 12.5027635925811  
6 0 1 3.2044245066610002 12.5027635925811  2.6327659099059999 12.5027635925811  
6 0 11 0.0093457943925234401 0.5  0.0093296605921601508 0.52482099407342198  0.0111181649513163 0.549643172944415  0.0146805098099309 0.57437374972716204  0.020005138137887599 0.59892344898838801  0.027078936831957799 0.62320352379886301  0.035880648638604497 0.64712569491303895  0.046379691353722899 0.67060287513961903  0.058536672907994899 0.69354994473284204  0.072304210876749306 0.71588439650756097  0.087627645283014893 0.73752685335642398  0.10444559887883501 0.75840150007558604  
6 0 1 2.6327659099059999 12.5027635925811  2.061107313151 12.5027635925811  
6 0 11 0.10444559887883501 0.75840150007558604  0.12126355247465501 0.77927614679474799  0.13957602526002899 0.79938298338420999  0.159321639987 0.818646194640124  0.180432302136626 0.83699352726215304  0.20283376020028901 0.85435672167916998  0.22644601343927401 0.87067185818349901  0.25118352130766503 0.88587965928008605  0.276955534040007 0.89992582938512999  0.303666614208143 0.91276140748966805  0.33121727892813402 0.92434308228835205  0.35950468059533702 0.93463343986863801  
6 0 1 2.0611073131510098 12.5027635925811  1.48944871639601 12.5027635925811  
6 0 11 0.35950468059533802 0.93463343986863801  0.38779208226254103 0.94492379744892496  0.41681622087695602 0.95392283781081399  0.44647424883394099 0.96159314704176102  0.47665995380814902 0.96790320862202694  0.507264439488602 0.97282765111385605  0.53817684484192496 0.97634742841106104  0.56928501978177204 0.97844990264418497  0.60047606331966197 0.97912882043135396  0.63163674679010695 0.97838424046999295  0.66265410832830796 0.97622255178607598  0.69341622833868699 0.97265652775732303  
6 0 1 1.48944871639601 12.5027635925811  0.91779011964100998 12.5027635925811  
6 0 11 0.69341622833868799 0.97265652775732303  0.72417834834906802 0.96909050372856997  0.75468522683162598 0.96412014435497895  0.78482494419078597 0.95775822301427105  0.81448662310019104 0.95002389743590598  0.84356120397123502 0.94094276372427899  0.87194240141243295 0.930546946155838  0.89952785141789204 0.91887516786652701  0.92622018258319005 0.90597255334561899  0.95192692818161995 0.891889443929896  0.97655615235019899 0.87667747270985397  0.999999999999996 0.86037899903432802  
6 0 6 0.78234894044341996 14.071770063581599  0.80488571937846098 13.5835066303011  0.82743980447258303 13.1721315201943  0.85001081361248398 12.8481886447364  0.87259658619309199 12.6220846668101  0.89519242710481095 12.5038408613476  0.91779011964099899 12.5027635925812  
6 0 3 2.30088026949488 746.48916009496099  2.3327355920432198 757.33681381233498  2.3669502411454202 767.56041338099601  2.4033183799960001 777.05392935304303  
6 0 6 0.64076284030012098 18.1701386654419  0.664322537875356 17.356764429475898  0.68789365598138696 16.579470404812898  0.711479641788893 15.8500908542382  0.735083401574946 15.180815883894001  0.75870664817614397 14.5839846451913  0.78234894044341896 14.071770063581599  
6 0 3 2.2086534857145601 710.411915206304  2.2366408501913901 723.04283648035096  2.2674623241830401 735.10938837427398  2.30088026949488 746.48916009496099  
6 0 6 0.49531887369959998 23.517640454132  0.51955619595795099 22.613033637381101  0.54378958079640605 21.698234190494102  0.56802271621562095 20.784371069312598  0.59225982555633805 19.883322498491999  0.61650527936430299 19.0076059134643  0.64076284030012098 18.1701386654419  
6 0 3 2.1315295625504098 669.72135854912096  2.1540252204860901 683.80349094119197  2.1798371056629202 697.40685257753705  2.2086534857145601 710.411915206304  
6 0 6 0.34904740330989797 28.6039517457085  0.37345550671427902 27.851201856032201  0.39784915015074501 27.0478782746824  0.42222962310289203 26.202778642952499  0.44659917884758199 25.325557390172001  0.47096101461376999 24.426746053159501  0.49531887369959998 23.517640454132  
6 0 3 2.0741344388131999 625.94655999646898  2.0896637900035802 640.93348286956098  2.1089220294161901 655.56919302613903  2.1315295625504098 669.72135854912096  
6 0 6 0.203728585109545 32.175072249702701  0.227985490349913 31.755022478022301  0.25222847565648099 31.255856215417602  0.276456309883573 30.683836822688999  0.30066837085779102 30.045888478721199  0.32486498398505398 29.349741501565401  0.34904740330989797 28.6039517457085  
6 0 3 2.0392293991891299 580.53444492877702  2.0470231641441599 595.90511280094802  2.05874867630201 611.09821036020901  2.0741344388131999 625.94655999646898  
6 0 11 0.999999999999996 0.13962100096567201  0.97655615235020199 0.12332252729014  0.95192692818162705 0.108110556070107  0.92622018258319905 0.0940274466543886  0.89952785141790204 0.081124832133480596  0.87194240141244295 0.0694530538441675  0.84356120397124401 0.059057236275724699  0.81448662310019904 0.049976102564096098  0.78482494419079496 0.042241776985730499  0.75468522683163497 0.035879855645022003  0.72417834834907602 0.030909496271431799  0.69341622833869698 0.027343472242678302  
6 0 1 2.3494662400922 12.5027635925811  1.7778076433372001 12.5027635925811  
6 0 11 0.69341622833869698 0.027343472242678302  0.66265410832831695 0.023777448213924801  0.63163674679011705 0.0216157595300079  0.60047606331967296 0.0208711795686462  0.56928501978178303 0.0215500973558151  0.53817684484193495 0.023652571588937799  0.50726443948861299 0.027172348886141701  0.47665995380815901 0.032096791377970099  0.44647424883395098 0.038406852958235399  0.41681622087696601 0.046077162189183  0.38779208226255002 0.055076202551072102  0.35950468059534602 0.065366560131358595  
6 0 1 1.7778076433372001 12.5027635925811  1.2061490465822 12.5027635925811  
6 0 11 0.35950468059534602 0.065366560131358706  0.33121727892814301 0.075656917711645205  0.303666614208151 0.087238592510329199  0.27695553404001499 0.10007417061486699  0.25118352130767302 0.11412034071991101  0.226446013439282 0.12932814181649699  0.202833760200297 0.14564327832082399  0.180432302136633 0.16300647273784  0.15932163998700799 0.181353805359868  0.13957602526003601 0.20061701661578299  0.121263552474661 0.22072385320524401  0.104445598878841 0.24159849992440699  
6 0 1 1.2061490465822 12.5027635925811  0.63449044982720704 12.5027635925811  
6 0 11 0.104445598878841 0.24159849992440699  0.087627645283020195 0.26247314664356902  0.072304210876754205 0.28411560349243298  0.058536672907999798 0.30645005526715202  0.046379691353727902 0.32939712486037498  0.035880648638609902 0.352874305086954  0.027078936831963399 0.37679647620112799  0.020005138137892699 0.4010765510116  0.0146805098099341 0.42562625027282402  0.011118164951316 0.45035682705557301  0.0093296605921569693 0.47517900592657403  0.0093457943925271004 0.499999999999996  
6 0 1 0.63449044982720704 12.5027635925811  0.062831853072209801 12.5027635925811  
6 0 1 0.999999999999996 0.86037899903432802  0.999999999999996 1  
6 0 1 2.4033183799960001 777.05392935304303  2.4033183799960001 870.600000000043  
6 0 1 0.999999999999996 1  0 1  
6 0 1 0.031415926535998902 551.19909083389905  0.031415926535998999 16.199090833899  
6 0 1 0 1  0 0  
6 0 1 0.99999946316195298 0.82680242840586504  0.99999946316195298 0.17319757159413601  
6 0 1 0 0  0.999999999999996 0  
6 0 1 0.031415926535998902 826.153632531227  0.031415926535998999 291.153632531227  
6 0 1 0.999999999999996 0  0.999999999999996 0.13962100096567201  
6 0 1 2.4033183799960001 200.60000000003299  2.4033183799960001 294.14607064703301  
6 0 1 0.25027635925899899 2.5027635925895  1.0356745226564501 2.5027635925894902  
6 0 7 2.2808874247058999e-05 0.499999999999999  -0.00053867061146198997 0.55609937684317401  0.0069746865670948302 0.61218489594986203  0.021933488328501501 0.66712741493674199  0.043920470693881802 0.71977069377040204  0.072462716064043795 0.76901551499133802  0.106938191775948 0.81388277388196295  0.14656944879884001 0.853555538578604  
6 0 7 2.2808874247058999e-05 0.499999999999999  -0.000538670611461989 0.44390062315682499  0.0069746865670948901 0.38781510405013703  0.021933488328501598 0.33287258506325601  0.0439204706938819 0.28022930622959702  0.072462716064043906 0.23098448500866001  0.106938191775948 0.18611722611803599  0.14656944879884001 0.146444461421395  
6 0 1 3.3918690128487898 2.5027635925895  2.6064708494513402 2.5027635925895102  
6 0 7 0.14656944879884001 0.146444461421395  0.18620070582173101 0.10677169672475401  0.23098774415560999 0.072293426222097196  0.28015311476971899 0.0438265817770963  0.33276395226558803 0.0220259223995076  0.38772567357315801 0.00734197413316914  0.44386283678657901 -5.03069808033274e-17  0.5 4.33680868994202e-18  
6 0 1 2.6064708494513402 2.5027635925895102  1.8210726860538899 2.50276359258952  
6 0 7 0.5 0  0.55613716321342099 5.5511151231257802e-17  0.61227432642684199 0.0073419741331693603  0.66723604773441203 0.022025922399507899  0.71984688523027995 0.043826581777096599  0.76901225584439004 0.072293426222097404  0.81379929417826802 0.10677169672475401  0.85343055120115996 0.146444461421395  
6 0 1 1.8210726860538899 2.50276359258952  1.0356745226564501 2.50276359258952  
6 0 7 0.85343055120115996 0.146444461421395  0.89306180822405101 0.18611722611803599  0.92753728393595603 0.23098448500866001  0.95607952930611795 0.28022930622959702  0.97806651167149805 0.33287258506325601  0.99302531343290501 0.38781510405013703  1.0005386706114601 0.44390062315682499  0.99997719112575201 0.499999999999999  
6 0 1 1.0356745226564501 2.50276359258952  0.25027635925899999 2.5027635925895302  
6 0 1 2.6064708494513402 2.50276359258948  3.3918690128487898 2.5027635925894698  
6 0 7 0.85343055120115996 0.853555538578604  0.89306180822405201 0.81388277388196295  0.92753728393595603 0.76901551499133802  0.95607952930611795 0.71977069377040204  0.97806651167149905 0.66712741493674299  0.99302531343290501 0.61218489594986203  1.0005386706114601 0.55609937684317401  0.99997719112575301 0.499999999999999  
6 0 1 1.8210726860538899 2.50276359258948  2.6064708494513402 2.50276359258948  
6 0 7 0.5 1  0.55613716321342099 1  0.61227432642684199 0.99265802586683005  0.66723604773441203 0.97797407760049204  0.71984688523028095 0.95617341822290303  0.76901225584439004 0.927706573777902  0.81379929417826802 0.89322830327524505  0.85343055120115996 0.853555538578604  
6 0 1 1.0356745226564501 2.5027635925894902  1.8210726860538899 2.50276359258948  
6 0 7 0.14656944879884001 0.853555538578604  0.18620070582173101 0.89322830327524505  0.23098774415560999 0.927706573777902  0.28015311476971899 0.95617341822290403  0.33276395226558803 0.97797407760049204  0.38772567357315801 0.99265802586683105  0.44386283678657901 1  0.5 1  
6 0 1 0.25027635925899899 2.50276359258556  0.25027635925899899 42.502763592568797  
6 0 1 3.3918690128489999 2.5027635925895  3.3918690128489999 42.502763592572698  
6 0 9 0.28868789716724302 0.38235294117647101  0.28874016553827803 0.387486131021335  0.28800428666678302 0.39261934910151303  0.28654554009836503 0.39769597093299602  0.28439057887709901 0.40265946681942899  0.281560004069563 0.40745448795842498  0.27808096599097298 0.412028004953014  0.27399079297072598 0.41633040464402798  0.26933689452893 0.42031647470025102  0.26417530885259399 0.42394622892422001  
6 0 1 3.3918690128489999 42.502763592568698  2.6064708494515498 42.502763592568698  
6 0 9 0.26417530885259399 0.42394622892422001  0.25901372317625898 0.42757598314819001  0.25334445026538299 0.43084942153990702  0.247223528306977 0.43372655790191  0.24071562415495201 0.43617263217049601  0.233892580806315 0.43815893572152098  0.22683060917703499 0.43966347739186901  0.21960849406626401 0.440671443174458  0.21230630721475 0.441175426065747  0.20500412036323901 0.44117542606573601  
6 0 1 2.6064708494515498 42.502763592568698  1.8210726860541 42.502763592568698  
6 0 9 0.20500412036323901 0.44117542606573601  0.19770193351172799 0.44117542606572602  0.19039974666022 0.44067144317441598  0.18317763154946201 0.439663477391808  0.17611565992019901 0.43815893572144199  0.16929261657158501 0.43617263217040197  0.162784712419587 0.43372655790180598  0.15666379046121001 0.430849421539795  0.150994517550364 0.42757598314807299  0.14583293187405699 0.423946228924103  
6 0 1 1.8210726860541 42.502763592568698  1.0356745226566599 42.502763592568698  
6 0 9 0.14583293187405699 0.423946228924103  0.14067134619774899 0.420316474700133  0.13601744775597999 0.41633040464391302  0.13192727473575599 0.41202800495290598  0.128448236657184 0.407454487958328  0.12561766184966 0.402659466819349  0.12346270062840201 0.39769597093294001  0.122003954059991 0.39261934910148699  0.121268075188516 0.387486131021337  0.12132034355961401 0.38235294117647101  
6 0 1 1.0356745226566599 42.502763592568698  0.25027635925920999 42.502763592568698  
6 0 1 3.3918690128489999 2.5027635925894698  3.3918690128489999 42.502763592643397  
6 0 1 0.25027635925899999 2.5027635925148699  0.25027635925899999 42.502763592568797  
6 0 1 3.2806350754000002 82.502763592618095  2.4952369120025502 82.502763592618095  
6 0 9 0.99998833178802404 0.5  1.00030062141757 0.543632888465447  0.99590394068194499 0.58726601693525304  0.98718831752172698 0.63041806874873396  0.97431299679363703 0.67260853295452405  0.95740106439680395 0.71336693637817095  0.93661473625083902 0.75224252114136603  0.91217703920582904 0.78881356790275603  0.88437123254779904 0.82269576502281905  0.85353212955489599 0.85354922378777898  
6 0 1 2.4952369120025502 82.502763592618095  1.7098387486051101 82.502763592618095  
6 0 9 0.85353212955489599 0.85354922378777898  0.82269302656199295 0.88440268255273802  0.78882062723421598 0.91222740296259497  0.75224974484971296 0.93668349630357095  0.71336674667875499 0.95747549678763599  0.67260087553992298 0.97435937677642004  0.63040747140703202 0.98714820806417003  0.58725725252205196 0.99571606935472401  0.54362862626102504 1  0.499999999999999 1  
6 0 1 1.7098387486051101 82.502763592618095  0.92444058520765804 82.502763592618095  
6 0 9 0.499999999999999 1  0.45637137373897302 1  0.41274274747794698 0.99571606935472201  0.36959252859296599 0.98714820806416803  0.32739912446007602 0.97435937677641804  0.28663325332124401 0.957475496787633  0.24775025515028601 0.93668349630356795  0.211179372765784 0.91222740296259197  0.177306973438007 0.88440268255273602  0.14646787044510401 0.85354922378777598  
6 0 1 0.92444058520765804 82.502763592618095  0.13904242181021001 82.502763592618194  
6 0 9 0.14646787044510501 0.85354922378777598  0.11562876745220201 0.82269576502281705  0.087822960794172206 0.78881356790275303  0.063385263749163007 0.75224252114136303  0.042598935603197899 0.71336693637816695  0.0256870032063653 0.67260853295452105  0.0128116824782755 0.63041806874873296  0.0040960593180575603 0.58726601693525504  -0.00030062141756371803 0.54363288846545199  1.16682119784411e-05 0.5  
6 0 9 1.1668211978441499e-05 0.5  -0.00030062141756371803 0.45636711153455101  0.0040960593180575603 0.41273398306474701  0.012811682478275599 0.36958193125126698  0.0256870032063654 0.327391467045478  0.042598935603198197 0.286633063621831  0.063385263749163506 0.247757478858636  0.087822960794172705 0.211186432097246  0.11562876745220201 0.17730423497718301  0.14646787044510501 0.14645077621222299  
6 0 1 3.2806350754000002 82.502763592618194  2.4952369120025502 82.502763592618194  
6 0 9 0.14646787044510501 0.14645077621222299  0.177306973438008 0.11559731744726399  0.211179372765785 0.087772597037407404  0.24775025515028701 0.063316503696431298  0.28663325332124501 0.042524503212365901  0.32739912446007702 0.025640623223581099  0.36959252859296698 0.012851791935831001  0.41274274747794798 0.0042839306452770896  0.45637137373897402 4.6837533851373798e-17  0.5 -1.0408340855860799e-16  
6 0 1 2.4952369120025502 82.502763592618194  1.7098387486051101 82.502763592618194  
6 0 9 0.5 -5.5511151231257802e-17  0.54362862626102604 -1.97372982155583e-16  0.58725725252205196 0.0042839306452765501  0.63040747140703302 0.012851791935830199  0.67260087553992298 0.025640623223579899  0.71336674667875499 0.042524503212364298  0.75224974484971396 0.063316503696429396  0.78882062723421698 0.087772597037405295  0.82269302656199395 0.115597317447261  0.85353212955489799 0.146450776212221  
6 0 1 1.7098387486051101 82.502763592618194  0.92444058520765804 82.502763592618194  
6 0 9 0.85353212955489699 0.146450776212221  0.88437123254780103 0.17730423497718101  0.91217703920583104 0.211186432097244  0.93661473625084102 0.247757478858635  0.95740106439680694 0.286633063621831  0.97431299679364103 0.327391467045478  0.98718831752173197 0.36958193125126598  0.99590394068195098 0.41273398306474501  1.00030062141757 0.45636711153454901  0.99998833178803403 0.5  
6 0 1 0.92444058520765804 82.502763592618194  0.13904242181021001 82.502763592618294  
6 0 1 3.2806350754000002 2.5027635925916498  3.2806350754000002 82.502763592557997  
6 0 1 0.13904242181000101 2.5027635926518599  0.13904242181000101 82.502763592618194  
6 0 9 0.28345307335120101 0.34719416119515001  0.28349365336521198 0.35361020464561499  0.28272172424729097 0.36002615447867597  0.28119388659328298 0.366371417692337  0.27893368111068501 0.37257536882415698  0.27596154069046003 0.3785687979688  0.27230605561370702 0.38428538188441702  0.26800691185738901 0.38966307614233597  0.26311442834833199 0.39464535178594601  0.25768790195718699 0.39918222547599302  
6 0 1 0.13904242181000101 2.5027635925917702  0.92444058520745398 2.50276359259176  
