DBRep_DrawableShape

CASCADE Topology V1, (c) Matra-Datavision
Locations 27
1
0.866025403784439               0             0.5               0 
              0               1               0               0 
           -0.5               0 0.866025403784439               0 
1
0.866025403784439               0             0.5               0 
              0               1               0               0 
           -0.5               0 0.866025403784439               0 
1
0.866025403784439               0             0.5               0 
              0               1               0               0 
           -0.5               0 0.866025403784439               0 
1
              1               0               0               0 
              0 0.866025403784439            -0.5               0 
              0             0.5 0.866025403784439               0 
1
              1               0               0               0 
              0             0.5 0.866025403784439               0 
              0 -0.866025403784439             0.5               0 
1
              1               0               0               0 
              0             0.5 0.866025403784439               0 
              0 -0.866025403784439             0.5               0 
1
              1               0               0               0 
              0 0.984807753012208 -0.17364817766693               0 
              0 0.17364817766693 0.984807753012208               0 
1
              1               0               0               0 
              0 0.984807753012208 -0.17364817766693               0 
              0 0.17364817766693 0.984807753012208               0 
1
              1               0               0               0 
              0 0.984807753012208 -0.17364817766693               0 
              0 0.17364817766693 0.984807753012208               0 
1
              1               0               0               0 
              0 0.984807753012208 -0.17364817766693               0 
              0 0.17364817766693 0.984807753012208               0 
1
              1               0               0               0 
              0 0.984807753012208 -0.17364817766693               0 
              0 0.17364817766693 0.984807753012208               0 
1
              1               0               0               0 
              0 0.984807753012208 -0.17364817766693               0 
              0 0.17364817766693 0.984807753012208               0 
1
              1               0               0               0 
              0 0.984807753012208 -0.17364817766693               0 
              0 0.17364817766693 0.984807753012208               0 
1
0.984807753012208               0 0.17364817766693               0 
              0               1               0               0 
-0.17364817766693               0 0.984807753012208               0 
1
0.939692620785908               0 -0.342020143325669               0 
              0               1               0               0 
0.342020143325669               0 0.939692620785908               0 
1
0.939692620785908               0 -0.342020143325669               0 
              0               1               0               0 
0.342020143325669               0 0.939692620785908               0 
1
              1               0               0               0 
              0 0.939692620785908 0.342020143325669               0 
              0 -0.342020143325669 0.939692620785908               0 
1
              1               0               0               0 
              0 0.939692620785908 0.342020143325669               0 
              0 -0.342020143325669 0.939692620785908               0 
1
              1               0               0               0 
              0 0.984807753012208 -0.17364817766693               0 
              0 0.17364817766693 0.984807753012208               0 
1
              1               0               0               0 
              0 0.984807753012208 -0.17364817766693               0 
              0 0.17364817766693 0.984807753012208               0 
1
              1               0               0               0 
              0 0.984807753012208 -0.17364817766693               0 
              0 0.17364817766693 0.984807753012208               0 
1
              1               0               0               0 
              0 0.984807753012208 -0.17364817766693               0 
              0 0.17364817766693 0.984807753012208               0 
1
              1               0               0               0 
              0 0.984807753012208 -0.17364817766693               0 
              0 0.17364817766693 0.984807753012208               0 
1
              1               0               0               0 
              0 0.984807753012208 -0.17364817766693               0 
              0 0.17364817766693 0.984807753012208               0 
2  1 1 2 1 3 1 4 1 5 1 6 1 7 1 8 1 9 1 10 1 11 1 12 1 13 1 14 1 15 1 16 1 17 1 18 1 19 1 20 1 21 1 22 1 23 1 24 1 0
1
              1               0               0 246.302606671221 
              0               1               0 360.667941105307 
              0               0               1 32.4602599754973 
2  26 -1 0
Curve2ds 47
7 0 0  3 25 23  0 -5.4925057929355141  0.095199777381508532 -5.4925057929355141  0.28559933214452649 -5.492505792935515  0.57119866428905297 -5.4925057929355123  0.85679799643358034 -5.4925057929355159  1.1423973285781059 -5.4925057929355141  1.4279966607226333 -5.4925057929355132  1.7135959928671598 -5.4925057929355141  1.9991953250116872 -5.492505792935515  2.2847946571562119 -5.4925057929355132  2.5703939893007401 -5.4925057929355141  2.8559933214452666 -5.4925057929355141  3.1415926535897931 -5.492505792935515  3.4271919857343196 -5.4925057929355141  3.7127913178788461 -5.4925057929355141  3.9983906500233726 -5.4925057929355141  4.2839899821678991 -5.4925057929355132  4.5695893143124273 -5.492505792935515  4.8551886464569538 -5.4925057929355141  5.1407879786014803 -5.492505792935515  5.426387310746005 -5.4925057929355141  5.7119866428905333 -5.4925057929355132  5.9975859750350615 -5.492505792935515  6.1879855297980768 -5.492505792935515  6.2831853071795862 -5.4925057929355141 
 0 4 0.28559933214452665 1 0.5711986642890533 1 0.8567979964335799 1 1.1423973285781066 1 1.4279966607226333 1 1.7135959928671598 1 1.9991953250116865 1 2.2847946571562132 1 2.5703939893007397 1 2.8559933214452666 1 3.1415926535897931 1 3.4271919857343196 1 3.7127913178788465 1 3.998390650023373 1 4.2839899821678999 1 4.5695893143124264 1 4.8551886464569529 1 5.1407879786014794 1 5.4263873107460068 1 5.7119866428905333 1 5.9975859750350597 1 6.2831853071795862 4
1 6.2831853071795862 0 0 1 
1 0 0 0 1 
7 0 0  9 258 33  4.7129734752085692 0.75069710640130205  4.7132911507048947 0.76301656956922514  4.7136681752719971 0.77533286497395926  4.7139367947152051 0.78763425427080302  4.7140682229516289 0.79990618198392149  4.7140457408698495 0.81216144795049228  4.7138603169290336 0.82442302985130189  4.7135512029948243 0.83669532820006609  4.7132139590476889 0.84895960620442357  4.7125827614790259 0.87349918753761391  4.7123365144990341 0.88577579637829629  4.7119938561016665 0.89804629904826205  4.7122905245344802 0.91036260354215337  4.7128371579675372 0.92269785687613448  4.7132023686277398 0.93501675627004277  4.7135095627289054 0.94732393756550537  4.7137555381763772 0.95962621958900873  4.7139701691084506 0.98420595850258807  4.713952615538842 0.99648302423553026  4.7137951860330878 1.0087519314509819  4.7134740644309812 1.0210186561367696  4.7130338424063396 1.0332870192174914  4.7126024442687475 1.0455577916964149  4.7123437594421427 1.0578303907736726  4.7123479826553103 1.0701071669513571  4.7125713409680943 1.0946933972817385  4.7128283161976769 1.1070003466662941  4.7133073433663384 1.119336284664753  4.7137428284943867 1.1316695154108216  4.7139525267011377 1.1439658076370804  4.7140092719472069 1.1562422993727304  4.7140111902970538 1.1685300295836765  4.71380789187437 1.180800861259278  4.713282465501047 1.2053417143066993  4.7129832345572407 1.2176100872859685  4.7124864790028029 1.2298763434995981  4.712103496862535 1.2421495807913754  4.7120773462249197 1.2544284296083568  4.7123875056462889 1.2667101166492838  4.7128074335511778 1.2790039787369791  4.7131227203967301 1.2913251850249423  4.7137123343532963 1.3159636662757361  4.7139758798645106 1.3282853862947022  4.7140255230807657 1.3405881169936045  4.7140250867550604 1.3528541881790994  4.7138485566919588 1.3651228172573349  4.7134506487364769 1.3774016160181195  4.7130299357674268 1.3896645057682118  4.7127247119266755 1.4019325490481085  4.7123478000435988 1.4264728984734927  4.712264485607057 1.4387444460014838  4.7123764408814202 1.4510306270367079  4.7128107670584072 1.4633235765484862  4.7133631827551579 1.4756266062523626  4.7137234970859447 1.4879466101135614  4.7138387590356388 1.500275052065716  4.7139579309258988 1.5125860151885711  4.713845936358628 1.5371735678586806  4.7136283198844113 1.5494520409519728  4.7134308354369221 1.5617169632499377  4.7129599473730011 1.5739862016411061  4.7123840678830016 1.5862600265976967  4.7121276123258999 1.5985285368517372  4.7122921613422317 1.6107925254482258  4.7124750161911386 1.6230700931628104  4.7130358507193328 1.6476525370984785  4.7134049585196172 1.6599603625045491  4.7137581916698652 1.6722770800621043  4.7140071113733706 1.684595627588652  4.7140954322866406 1.6969089777963515  4.7140077558365947 1.7092107678120576  4.7137710096179966 1.7214971723734311  4.7134485930585628 1.7337700207582754  4.7128058653205027 1.7583122940382945  4.7124839605862912 1.7705812354478443  4.7122459441136115 1.782845378977455  4.7119966248042333 1.795126011271496  4.7123362738385488 1.8073922967350267  4.7130091538744328 1.8196559313996012  4.713250000705381 1.8319614151095238  4.7135718844311558 1.8442798331734946  4.7139437118045775 1.8689141203069193  4.7140133761149308 1.8812320648224969  4.7139423471199278 1.8935299871428952  4.7137501807873097 1.9058171894060594  4.7133974236727054 1.9180979382777077  4.7129056802874567 1.9303697157683104  4.7124759967463508 1.9426346207327378  4.7123808007930332 1.9549036603519141  4.7124284748146348 1.979443681075568  4.7126066852842454 1.9917156152986015  4.7129176659432934 2.003991946734534  4.7133992508036586 2.0162825093103649  4.7139100281851505 2.0285476585395981  4.7138815015593911 2.0409102284721521  4.7140513175696279 2.0532333157329554  4.7139306390414513 2.065543694964405  4.7135172339240405 2.0901347064370377  4.7132677169537605 2.1024158686048309  4.712815544279505 2.1146905573418162  4.7123446363031674 2.1269612133468816  4.7120889587651149 2.139228783129564  4.7121576990427307 2.1514950859786817  4.7124793350906193 2.1637636126545612  4.7128645970363703 2.1760387557998508  4.7135120458028679 2.2006081883470321  4.7138208152894112 2.2129044561430486  4.7140054359504004 2.2251983779547979  4.7140761365281083 2.2375249471180738  4.7140010292612962 2.2498673126329791  4.7137397210675287 2.2621803973330192  4.7133392411564898 2.2744544022528652  4.712959451169155 2.2867337300115307  4.7124307566612522 2.3112799901109446  4.7123181149617395 2.3235485962160989  4.7122120120571616 2.3358226417155041  4.712449394725545 2.3480897934006539  4.7129817085696324 2.3603540518009645  4.713463703567002 2.3726315116356989  4.7137031632739097 2.3849296867574798  4.7138760610404127 2.3972368339367693  4.7139472322002511 2.4218585856776187  4.7138622308409079 2.4341734506973567  4.713538308820203 2.446489019245865  4.713362076528326 2.4588018840844486  4.7128627378880807 2.4710781624822071  4.7122406983673653 2.4833338710304482  4.7122155445430067 2.4956099270977909  4.7123305102120598 2.5078755301477949  4.7127879807885513 2.532411532151094  4.7131382260378905 2.544679063603819  4.7134693012585398 2.5569553627704256  4.7138873668178869 2.5692142953839743  4.7140660863130206 2.5815175311718641  4.7140085537833576 2.5938598517320175  4.7139704063036776 2.6061730876976914  4.7136751659584766 2.6184846864980527  4.7130527902321608 2.6430881460984219  4.7127443361648949 2.6553823148690419  4.7123613783636813 2.667661367206259  4.7121081719060429 2.6799307039489819  4.7121627425367345 2.692197964966343  4.7125206294526398 2.7044672065285349  4.7129900926657555 2.7167379731627137  4.7133387851057407 2.7290092640999055  4.7138449935345905 2.7535675243442821  4.7140139142611543 2.7658568281518825  4.7140323613185338 2.778143567196222  4.71389534210146 2.7904952251307948  4.7136771698861573 2.8028351797564137  4.7133005390467506 2.815126074098024  4.7127659453515784 2.827417995979927  4.7124983118224346 2.839700149275739  4.712332213805551 2.8642523979640608  4.7124201362364708 2.876522766165579  4.7126915261737743 2.8887900751748261  4.7130853193263142 2.9010570668582734  4.713500595871511 2.9133265297518007  4.7138302852556224 2.9256013008028328  4.7139948710275146 2.9378842671270631  4.713976095639878 2.9501783677506523  4.7137252349099272 2.9747948229766812  4.713463776524156 2.9871181607509651  4.7130885507706548 2.999439778874891  4.7127597656602198 3.011782047599286  4.7123973897425975 3.0240040641652084  4.7119362786900458 3.0363123447936138  4.7123185449537397 3.0485721452664278  4.7125997019409995 3.0608439327142296  4.7132735946039999 3.085383102761444  4.7136139465592137 3.0976532516816455  4.7138984526648668 3.1099210508956547  4.7140529539132441 3.1222010924646799  4.7140563963863178 3.1344972101012951  4.7139179698890512 3.1468036825455559  4.7136395378904581 3.1591168217034649  4.7132395241669531 3.1714378630344893  4.7125893187215695 3.1960582880876149  4.7123500230894031 3.2083594255905807  4.7122221359980978 3.2206360244756378  4.712302956317985 3.2328997395597128  4.7126208023294449 3.2451649029207763  4.7130813811396708 3.257435928016557  4.7135012054309184 3.2697065590257828  4.7137280576455804 3.2819709654643994  4.7139689453862008 3.306522398594371  4.7139825784769238 3.3188028624111321  4.7137838470891085 3.3311135968976897  4.7135288109392901 3.3434366290693331  4.7131938773516771 3.3557564887816347  4.7127201629361259 3.3680691262138032  4.7122889312494616 3.3803731733243696  4.7122735549709294 3.3926629750451687  4.7125533472164083 3.4172226568446118  4.7128757013838998 3.4294936352892305  4.7132428136014548 3.4417587783994783  4.7136135083845794 3.4540292974189541  4.7139092423627966 3.4663020238820903  4.7140435740204278 3.4785699647244366  4.7140009351629724 3.4908403430560848  4.713850643824137 3.503134491358586  4.7133135525859755 3.5277534362995895  4.7129538594508613 3.5400742921724708  4.7125439974979013 3.5524110485936413  4.7123592115050501 3.564702368058335  4.7121762905670614 3.5769862174497296  4.7121889840210214 3.5892771648092809  4.7127094942213237 3.6015436804651348  4.7130661078970286 3.6138143833020817  4.7136921932199627 3.6383521109174084  4.713900178183394 3.650621849220594  4.7140958944887803 3.6628863940573986  4.7139774382677819 3.6751742584155629  4.7138215014692388 3.6874485471718321  4.7136174176767698 3.6997304413511083  4.713115823073065 3.7120682795170992  4.7127423982478298 3.7243914623232763  4.7123051304063921 3.7490195549052672  4.7122854696026772 3.7613202236896717  4.7124822948081739 3.7735969551512487  4.712816599008538 3.7858679062640435  4.7132120032902654 3.7981403350059888  4.7135937278998465 3.8104094005056592  4.7138650774025423 3.8226731259996893  4.7139391311838086 3.8349412716084377  4.7138675294929895 3.8594904560062022  4.7137170080694428 3.8717698709186346  4.713330168529871 3.8840724320393809  4.7130045110178873 3.8963611744996731  4.7126478707384232 3.9086812955201822  4.71226993795461 3.9210274525405473  4.7121572239448675 3.9333373863916719  4.7123969758827648 3.9456279422060327  4.7129987895669752 3.9701903691276756  4.7133996487063765 3.9824593748358512  4.7137315080759619 3.9947302183150466  4.7139489855666667 4.0070005885543178  4.7140460547211607 4.0192669740720044  4.7140122245957157 4.031532329162677  4.7138291136723245 4.0438062502368508  4.7135074179518721 4.05609766235417  4.7128211282736858 4.0807023693654134  4.7124298099111126 4.0930162294286934  4.7122560886919196 4.1053327853126129  4.7122541488911764 4.1176584871190745  4.7124185391031448 4.1299830586381017  4.7127701176684313 4.1422922924026286  4.7132186944941257 4.1545916553290274  4.7135450710796007 4.166906733586754  4.7139452897793648 4.1915463565749986  4.7140255755720286 4.2038717303505679  4.7139822286394333 4.2161974107785483  4.7137281180409705 4.2285069741954109  4.7133386798618364 4.2408062892210463  4.7129739985027683 4.2531127984954367  4.7127037559410603 4.2654315802415113  4.7124617245061078 4.2777491480249266  4.7123564786440184 4.2900759471197665 
 16.89259474238581 10 19.381263479306575 8 21.86993221622734 8 24.358600953148105 8 26.847269690068874 8 29.335938426989642 8 31.824607163910407 8 34.313275900831172 8 36.801944637751937 8 39.290613374672702 8 41.779282111593474 8 44.267950848514239 8 46.756619585435004 8 49.245288322355769 8 51.733957059276534 8 54.222625796197299 8 56.711294533118064 8 59.199963270038829 8 61.688632006959594 8 64.177300743880352 8 66.665969480801124 8 69.154638217721896 8 71.643306954642654 8 74.131975691563412 8 76.620644428484184 8 79.109313165404956 8 81.597981902325714 8 84.086650639246471 8 86.575319376167243 8 89.063988113088016 8 91.552656850008788 8 94.04132558692956 8 96.529994323850318 10
7 0 0  11 342 35  6.2831853071795862 -1.892854200698332  6.2620751674350448 -1.902933676473727  6.2409743524689949 -1.9130086725467019  6.219872459512608 -1.9230842059859596  6.1988195597249849 -1.9331362209291623  6.1778000723412454 -1.9431723199104844  6.1567847952081376 -1.9532064199776995  6.1357668958592031 -1.9632415908424552  6.1147494939396854 -1.9732763661772652  6.09372886726704 -1.9833127703697553  6.07270829504718 -1.9933491723464039  6.0306579207010467 -2.0134265570582572  6.009628378332101 -2.0234674007294884  5.9885792392068051 -2.0335176716975267  5.9675471975631087 -2.043559790152381  5.9464225927857832 -2.0536461627934055  5.9252913366293978 -2.0637356697385414  5.904198311242423 -2.0738069409365445  5.8830842904066971 -2.0838883609716858  5.8620025772331443 -2.0939542907925159  5.8409248786705632 -2.1040182773221092  5.7988037339825986 -2.124129756471234  5.7777584675289173 -2.1341780946852462  5.7567298543498886 -2.1442184604777395  5.7357080797462503 -2.1542554885952843  5.7146853976925902 -2.1642928550896334  5.6936599548908173 -2.1743314936964815  5.6726336050070962 -2.1843706108548582  5.6516071104865686 -2.1944099168807831  5.6305761287391318 -2.2044514911132351  5.6095313800840891 -2.2144996985377663  5.567401408617366 -2.2346154527815574  5.5463230825582075 -2.2446797305370345  5.5251653270455181 -2.2547818060491589  5.5041521766910222 -2.2648151777749495  5.4828273569211499 -2.2749966334645397  5.4619797862875572 -2.2849513847942293  5.4407735743084951 -2.2950763291383134  5.4197835600856772 -2.3050987329458716  5.3987310552598515 -2.3151504037272583  5.3777020549504533 -2.3251909221064384  5.335648427897052 -2.3452697496763939  5.3146253769594951 -2.3553073135302958  5.2936034820833031 -2.365344363301606  5.2725792646672351 -2.3753824706488582  5.2515485024791442 -2.3854237398776914  5.2305093311401691 -2.3954691970349207  5.2094615743306312 -2.4055189272182993  5.1884017337232882 -2.4155744570244853  5.1673192406473847 -2.4256407187106186  5.146205747243207 -2.4357217737365016  5.1039850652131022 -2.4558808525072515  5.0828742182754221 -2.4659606244702328  5.061768998939141 -2.4760377087611691  5.0407240900162131 -2.4860860296279115  5.0196955818302564 -2.4961265673505526  4.9986569304808715 -2.506171844735098  4.9776274353076033 -2.5162125201490548  4.9566120482452076 -2.5262463511652675  4.9355847450092112 -2.5362859774346398  4.9145651345807071 -2.5463219090490474  4.8725137730310397 -2.5663996838754279  4.8514805703203674 -2.5764422141546164  4.8304536407761143 -2.5864817798777819  4.8093834356801608 -2.5965421354901443  4.788309020991214 -2.6066046226944515  4.7672380743181026 -2.6166654697558505  4.7461357993794406 -2.6267412063548385  4.7250053848870861 -2.6368303291079154  4.7038986648884942 -2.6469081501870844  4.6828059459226825 -2.6569792627114697  4.640671168268911 -2.677097260744449  4.6196248708538024 -2.687146155160776  4.5985977208019175 -2.6971859080022473  4.5775754550452659 -2.707223218538386  4.5565498717767126 -2.7172619659166353  4.5355222593870579 -2.7273016129359333  4.514497913226533 -2.7373397582889023  4.4934777802048051 -2.7473760260986477  4.4724532703234594 -2.7574144810150338  4.4514102750593203 -2.7674617576653811  4.4092865887497776 -2.7875744280006076  4.3882028450487152 -2.7976412627283693  4.3671038821082684 -2.8077154006040397  4.34599136077499 -2.8177960247150087  4.3248899468734185 -2.8278713637819637  4.3037982015308414 -2.8379421032493579  4.2827056618708559 -2.8480132006405618  4.2616320109126198 -2.8580752037303103  4.2406012659158341 -2.8681166315428053  4.2195654044460529 -2.8781604644161045  4.1775101852508012 -2.8982401315833002  4.1564887638140844 -2.9082769436304479  4.1354602082106462 -2.9183171536995709  4.1144417041951939 -2.9283524493999593  4.0934120723361636 -2.9383931827695711  4.0723782581137735 -2.9484361369872545  4.0513551090137412 -2.9584740692286475  4.0303115973806181 -2.968521671961164  4.0092064769297489 -2.9785987030203125  3.9881007823474408 -2.9886760136596582  3.9458864115475345 -3.0088320948421736  3.9247758219948934 -3.0189117775026939  3.9036927980222513 -3.0289783214273265  3.8826236739207549 -3.0390382909182141  3.8615647707861966 -3.0490933370470414  3.8405214283215594 -3.0591407970249413  3.8194937008898271 -3.0691806552036138  3.7984721651320186 -3.0792175221386433  3.7774484775688362 -3.0892554396300138  3.7564265133412085 -3.0992924721857018  3.7143757036776566 -3.1193699217983752  3.6933484702952115 -3.1294095717539436  3.6723036423217748 -3.1394575540789877  3.6513092406960532 -3.1494820642128039  3.6301363748490609 -3.1595910338639959  3.6092725099129361 -3.1695535724933319  3.587950961696678 -3.1797334102869721  3.5669331816760081 -3.1897690100142468  3.5457732777296695 -3.1998721047174525  3.5246919586650929 -3.209937836259769  3.4825520237769529 -3.2300583952915076  3.4615019454394171 -3.240109191324767  3.4404634679381361 -3.2501543458442104  3.4194325252410196 -3.2601957795170944  3.3984070784867502 -3.2702344975061024  3.3773855055331365 -3.2802713260264258  3.3563655754116573 -3.2903073798723033  3.3353440072822038 -3.300344260620002  3.3143166143508647 -3.310383985839255  3.2932790323166903 -3.3204286490047918  3.2511770330486511 -3.3405309716825653  3.2301155378192457 -3.3505872309896252  3.2090200568884106 -3.3606596846847752  3.1879924020901704 -3.3707000457860818  3.1667538521483052 -3.3808404308645179  3.1457685396387429 -3.3908606408913955  3.1245114161130396 -3.401009910054297  3.1035512892932493 -3.4110179497419826  3.0824704244046441 -3.4210833288494733  3.061440429088004 -3.4311244363278743  3.0193790441232786 -3.4512071226992922  2.9983519507808873 -3.4612466667299793  2.9773285471399342 -3.4712843415143131  2.9563015570295592 -3.4813237631744731  2.9352764072723203 -3.4913623917178782  2.914255267615685 -3.5013991685067607  2.8932252055093173 -3.5114402531170192  2.8721673706603963 -3.5214946665768245  2.8510808924789353 -3.5315628330204389  2.8299919439135501 -3.5416321992571653  2.7877984433382639 -3.5617783950134019  2.7666937375931759 -3.5718552988907706  2.745597018603783 -3.5819283700393685  2.7244901270788264 -3.592006266041575  2.7034030394387987 -3.6020747302353748  2.6823722109495987 -3.6121162014785617  2.6613594079787868 -3.6221490378069894  2.6403238777566238 -3.6321927870816224  2.6193087064015055 -3.6422265322925482  2.5982862696796305 -3.652263810619691  2.5667533172679255 -3.6673194138825314  2.5562419739283753 -3.6723381253759122  2.5457304765528157 -3.6773569264073429  2.5352185682811617 -3.6823759446334359  2.5247056365310145 -3.6873954732665557  2.5141908194481366 -3.6924159216095442  2.5036731121459912 -3.6974377653451898  2.4931514731896693 -3.7024614971093475  2.4826249308491732 -3.7074875767974844  2.4720926895306459 -3.7125163820757447  2.4510157826611763 -3.7225799354530298  2.4404716532447983 -3.7276144269855767  2.4299228308968406 -3.732651162951651  2.4193706999668367 -3.7376894826185509  2.4088168687878948 -3.7427286189907067  2.3982629923932937 -3.7477677828876899  2.3877105951882851 -3.7528062470030483  2.3771608936737945 -3.7578434299773611  2.3666146191192765 -3.7628789804652651  2.3560718402773002 -3.7679128612011086  2.3244516776559463 -3.7830105768074276  2.3033822739237761 -3.7930705769837085  2.2823312278910053 -3.8031217498045633  2.2612962553505618 -3.8131651635464232  2.2402709710356845 -3.8232038625074241  2.219248953510979 -3.8332409304121504  2.1982260390151183 -3.8432783937614836  2.1772008439418951 -3.8533169644588834  2.1561735163167755 -3.8633566224631117  2.1351427159337555 -3.8733980377710813  2.1035798771493575 -3.8884682295119335  2.0930556597449259 -3.8934932039488315  2.0825289946758878 -3.8985193616375553  2.0719982734157658 -3.9035474642484624  2.0614614872482706 -3.908578463625457  2.0509175779489688 -3.9136128599349038  2.0403671073017176 -3.9186503835828534  2.0298122455002634 -3.9236900006763946  2.0192560783726612 -3.9287302422546637  2.0087012334902474 -3.9337698571010948  1.9875944167336026 -3.9438477194326134  1.9770425562906995 -3.9488859144254902  1.966495755059994 -3.953921701233714  1.95595480550445 -3.9589547007270158  1.9454191010710014 -3.9639851983235985  1.9348876033796711 -3.9690136837985386  1.9243594567801048 -3.9740405591400472  1.913834250305704 -3.9790660145859  1.9033119269935894 -3.9840900726868331  1.8927923405982783 -3.989112800542959  1.8612386978398561 -4.0041784692107472  1.8402109509347864 -4.0142183057139791  1.8191881765069151 -4.0242557181510206  1.7981673362276172 -4.0342922095685196  1.7771453958939534 -4.0443292675045424  1.7561193254318566 -4.054368364010454  1.7350860988930878 -4.0644109556198247  1.7140426944570291 -4.0744584833849045  1.692986094430587 -4.0845123728417461  1.6719132852470662 -4.0945740340368859  1.6297292296882082 -4.1147156889862435  1.6086135892782729 -4.1247977511960441  1.5875120910779428 -4.1348731486651209  1.5663612117669654 -4.1449717556714596  1.5452861567476628 -4.1550348990714312  1.524306493846258 -4.1650515527963226  1.5032057679991977 -4.1751270057278242  1.4822164311421211 -4.1851483250042278  1.4611747370428936 -4.1951948827035679  1.4401525529933925 -4.205232032381427  1.3981030312663714 -4.2253088292591947  1.3770805311256231 -4.2353461544133415  1.3560448393602205 -4.2453898862012052  1.3350256813758759 -4.2554256848671814  1.3139768164568373 -4.2654757742157097  1.2928933233098228 -4.2755425640161571  1.2718116015807446 -4.2856085472910088  1.2507293291497414 -4.2956747375249167  1.2296107543165535 -4.3057582553647071  1.2085060267163508 -4.3158351340286476  1.1663175365289316 -4.3359788410430102  1.1452331513409255 -4.3460459494415042  1.1241831845831427 -4.3560966388091344  1.1031567239150908 -4.3661360768769324  1.0821370499004423 -4.3761721859813036  1.0611149196144865 -4.386209350882913  1.0400902748532865 -4.3962476266726371  1.0190671796193445 -4.4062851509117564  0.99804679166882615 -4.4163214654572958  0.97702317278950412 -4.4263594521011047  0.93495031237429149 -4.4464477224479415  0.91390348582270675 -4.4564968737048067  0.89283461065909553 -4.466556601636456  0.87173080638905953 -4.4766330206943534  0.85061126658239983 -4.4867169683601285  0.82950147109200756 -4.4967962982932308  0.80840781654428662 -4.5068679552198692  0.78732026054451476 -4.5169366958850192  0.76623866328656953 -4.5270025328811441  0.74518659727704328 -4.5370541842789303  0.70310237073971982 -4.5571478634893312  0.682072364698454 -4.567188862134957  0.66105104221244637 -4.5772256672471467  0.64002879306163774 -4.5872628327236091  0.6190021787188198 -4.5973020325967981  0.59797416790525015 -4.6073419446255297  0.57694788565729804 -4.6173811689263875  0.55591951176730448 -4.6274215438634059  0.53487596484320732 -4.6374692247711513  0.51380300786702882 -4.6475308878343897  0.47161581497864402 -4.6676739603206272  0.45050357804203939 -4.6777544056868052  0.42939130454641683 -4.6878348427004406  0.40825507634919767 -4.6979268046530223  0.38722090027265921 -4.7079700193303147  0.36616368672796035 -4.7180243406024713  0.34507895825421941 -4.7280916987388775  0.32407924101215585 -4.738118143652577  0.30303640743030158 -4.7481652684720048  0.2820150368112061 -4.7582020585790277  0.23996709433212282 -4.7782781101399534  0.21894565136451422 -4.7883149063358639  0.19790680406293115 -4.798360106354485  0.17690250568043253 -4.8083886548330126  0.15583278266005987 -4.8184488172324134  0.13478699121831911 -4.8284976688599297  0.11375836555774971 -4.8385382066397131  0.092637435692502518 -4.8486228679228374  0.071517249702067728 -4.8587070650959623  0.050401947159782433 -4.8687889739517889  0.0082007549093456936 -4.8889387492042697  -0.012881476664419795 -4.8990048624742801  -0.033934425181823873 -4.9090570689486244  -0.054969568048412215 -4.9191007263899289  -0.075998752511436979 -4.9291413922079688  -0.097026413717277118 -4.9391811843439895  -0.11805107234042435 -4.9492194741013762  -0.13907114726555983 -4.9592555941311227  -0.16009011876075729 -4.9692912416938793  -0.18111607762387322 -4.979330260269732  -0.22318531386906235 -4.9994167001726817  -0.24423245708220265 -5.0094659525714471  -0.26526519557612793 -5.0195085015860981  -0.28642585379943747 -5.0296120234943587  -0.30734695935528883 -5.0396015308425834  -0.3286376866769789 -5.049767030528872  -0.34962569914257641 -5.0597882675566117  -0.37082465824355382 -5.0699100520363674  -0.3918785553877237 -5.0799626546534151  -0.41294001003372222 -5.0900188298513225  -0.45502885821338523 -5.1101148216763788  -0.47605817494139918 -5.1201555821707441  -0.49708310744889589 -5.1301941059073659  -0.51810863491883452 -5.1402328165791902  -0.5391343062294226 -5.150271583681433  -0.56015792024031641 -5.1603094186558414  -0.58118009679470084 -5.1703466428071652  -0.60220726278590275 -5.1803863259497431  -0.62325057733092581 -5.1904337917904666  -0.64431832038976788 -5.2004929889111278  -0.68648021746576526 -5.220624058861298  -0.70757441998925563 -5.2306959385384548  -0.72868492800360418 -5.2407756375867072  -0.74978805289316619 -5.2508516379247343  -0.77090548570191708 -5.2609343839719687  -0.79202846343940292 -5.2710198150522434  -0.81312522753713723 -5.2810927684769693  -0.83420126934003569 -5.2911558244894632  -0.8552969370659228 -5.3012282605387613  -0.87639888992693604 -5.3113037055042494  -0.9186223635329327 -5.3314639479738686  -0.93973906096925863 -5.3415464397162076  -0.96086716950213391 -5.3516343875768229  -0.98197506730097006 -5.3617126681551932  -1.0030607238374967 -5.3717803106125031  -1.0241429508742728 -5.3818463124851483  -1.0452352433730243 -5.3919171285177798  -1.0663353487231564 -5.4019916818840805  -1.0874378384694805 -5.4120673766136358  -1.1085510925849853 -5.4221482207248002  -1.1296742421346289 -5.4322337991318452 
 16.89259474238581 12 19.381263479306575 10 21.86993221622734 10 24.358600953148105 10 26.847269690068874 10 29.335938426989642 10 31.824607163910407 10 34.313275900831172 10 36.801944637751937 10 39.290613374672702 10 41.779282111593474 10 44.267950848514239 10 46.756619585435004 10 49.245288322355769 10 51.733957059276534 10 54.222625796197299 10 56.711294533118064 10 57.95562890157845 10 59.199963270038829 10 61.688632006959594 10 62.932966375419973 10 64.177300743880352 10 66.665969480801124 10 69.154638217721896 10 71.643306954642654 10 74.131975691563412 10 76.620644428484184 10 79.109313165404956 10 81.597981902325714 10 84.086650639246471 10 86.575319376167243 10 89.063988113088016 10 91.552656850008788 10 94.04132558692956 10 96.529994323850318 12
7 0 0  3 25 23  -1.1296742421346302 -5.4322337991318363  -1.1297184292992775 -5.4216382896997954  -1.1298068036285729 -5.4004472687876239  -1.1299393651225129 -5.3686607318336641  -1.1300719266164556 -5.3368741898525611  -1.1302044881103983 -5.3050876434028895  -1.1303370496043392 -5.2733010930432425  -1.1304696110982801 -5.2415145393321723  -1.130602172592222 -5.2097279828282428  -1.1307347340861655 -5.177941424090017  -1.1308672955801073 -5.1461548636760783  -1.1309998570740483 -5.1143683021449915  -1.131132418567991 -5.0825817400553381  -1.1312649800619328 -5.0507951779656848  -1.1313975415558728 -5.0190086164346051  -1.1315301030498182 -4.9872220560206619  -1.1316626645437546 -4.9554354972824344  -1.1317952260376991 -4.9236489407785058  -1.1319277875316409 -4.8918623870674347  -1.1320603490255809 -4.8600758367077859  -1.1321929105195263 -4.8282892902581214  -1.1323254720134663 -4.7965027482770175  -1.1324580335074073 -4.7647162113230559  -1.1325464078367027 -4.7435251904108808  -1.1325905950013491 -4.7329296809788417 
 1.5693381503615371 4 1.5694707118554789 1 1.5696032733494207 1 1.5697358348433625 1 1.5698683963373044 1 1.5700009578312462 1 1.5701335193251877 1 1.5702660808191296 1 1.5703986423130714 1 1.5705312038070132 1 1.570663765300955 1 1.5707963267948968 1 1.5709288882888386 1 1.5710614497827804 1 1.5711940112767222 1 1.571326572770664 1 1.5714591342646058 1 1.5715916957585474 1 1.5717242572524892 1 1.571856818746431 1 1.5719893802403728 1 1.5721219417343146 1 1.5722545032282564 4
