DBRep_DrawableShape

CASCADE Topology V1, (c) Matra-Datavision
Locations 52
1
5.68434188628659e-15 0.422618261721307 0.906307787045693     -107.370051 
              1 7.9012199427184e-15 -9.9563766889504e-15    -78.99998267 
-1.13686837705732e-14 0.906307787045693 -0.422618261721307     203.7068247 
2  1 -1 0
1
-0.422618261721307 -6.00576671830279e-15 -0.906307787045693     -104.411724 
1.42108547171492e-14              -1 1.8446250091145e-25    -103.7499827 
-0.906307787045693 -1.28794082906493e-14 0.422618261721307     210.0509796 
2  3 -1 0
1
-0.422618261721307 -6.00576671830279e-15 -0.906307787045693     -104.411724 
1.42108547171492e-14              -1 1.8446250091145e-25    -153.2499827 
-0.906307787045693 -1.28794082906493e-14 0.422618261721307     210.0509796 
2  5 -1 0
1
0.422618261721307               0 0.906307787045693     -107.370051 
              0              -1               0    -184.4999827 
0.906307787045693               0 -0.422618261721307     203.7068247 
2  7 -1 0
1
              0 -0.422618261721307 0.906307787045693    -129.9378662 
             -1              -0               0    -184.4999827 
              0 -0.906307787045693 -0.422618261721307     155.3099889 
2  9 -1 0
1
0.422618261721307 8.30929528741893e-15 -0.906307787045693    -132.8961949 
1.55157107143395e-26               1 9.16829294219289e-15    -164.2499827 
0.906307787045693 -3.87468802619535e-15 0.422618261721307     148.9658348 
2  11 -1 0
1
0.422618261721307 8.30929528741893e-15 -0.906307787045693    -132.8961949 
1.55157107143395e-26               1 9.16829294219289e-15    -114.7499827 
0.906307787045693 -3.87468802619535e-15 0.422618261721307     148.9658348 
2  13 -1 0
1
-0.422618261721307 -2.14887376710834e-16 0.906307787045693     -136.396962 
-5.08466851005929e-16               1 -4.6325610140071e-27    -109.2499827 
-0.906307787045693 -4.60827466523233e-16 -0.422618261721307     148.5570202 
2  15 -1 0
1
-0.422618261721307 -2.14887376710834e-16 0.906307787045693    -106.3488036 
-5.08466851005929e-16               1 -4.6325610140071e-27    -158.7499827 
-0.906307787045693 -4.60827466523233e-16 -0.422618261721307     212.9955038 
2  17 -1 0
1
-0.422618261721307 -2.14887376710834e-16 0.906307787045693    -106.3488036 
-5.08466851005929e-16               1 -4.6325610140071e-27    -158.7499827 
-0.906307787045693 -4.60827466523233e-16 -0.422618261721307     212.9955038 
2  19 -1 0
1
-0.422618261721307 -2.14887376710834e-16 0.906307787045693     -136.396962 
-5.08466851005929e-16               1 -4.6325610140071e-27    -158.7499827 
-0.906307787045693 -4.60827466523233e-16 -0.422618261721307     148.5570202 
2  21 -1 0
1
-0.422618261721307 -2.14887376710834e-16 0.906307787045693    -106.3488036 
-5.08466851005929e-16               1 -4.6325610140071e-27    -109.2499827 
-0.906307787045693 -4.60827466523233e-16 -0.422618261721307     212.9955038 
2  23 -1 0
1
-0.422618261721307 -2.14887376710834e-16 0.906307787045693    -106.3488036 
-5.08466851005929e-16               1 -4.6325610140071e-27    -109.2499827 
-0.906307787045693 -4.60827466523233e-16 -0.422618261721307     212.9955038 
2  25 -1 0
1
-0.422618261721307 -2.14887376710834e-16 0.906307787045693     -136.396962 
-5.08466851005929e-16               1 -4.6325610140071e-27    -158.7499827 
-0.906307787045693 -4.60827466523233e-16 -0.422618261721307     148.5570202 
2  27 -1 0
1
-0.422618261721307 -2.14887376710834e-16 0.906307787045693     -136.396962 
-5.08466851005929e-16               1 -4.6325610140071e-27    -109.2499827 
-0.906307787045693 -4.60827466523233e-16 -0.422618261721307     148.5570202 
2  29 -1 0
1
0.906307787045693 -7.20526978936326e-10 -0.422618261721307    -102.4936919 
-7.95012055631144e-10              -1 3.22305669196649e-15    -191.4999798 
-0.422618261721307 3.35983691916939e-10 -0.906307787045693     230.7276238 
2  31 -1 0
1
             -0               0              -1    -144.9480116 
              1 -7.950120556e-10              -0     -72.9999798 
-7.950120556e-10              -1               0      142.050243 
2  33 -1 0
1
             -0               0              -1    -161.5168718 
              1 -7.95019161e-10              -0    -72.99997981 
-7.95019161e-10              -1               0      142.050243 
2  35 -1 0
1
7.20529413336327e-10 0.906307787045693 -0.422618261721307    -144.9480116 
              1 -7.95017261944814e-10 -2.18163786904497e-15    -72.99997981 
-3.3599079051694e-10 -0.422618261721307 -0.906307787045693      142.050243 
2  37 -1 0
1
-1.45097643603354e-30 -1.14341464099925e-06 -0.999999999999346    -95.39995334 
-2.84217094300186e-15 -0.999999999999346 1.14341464099925e-06    -76.99998554 
             -1 2.842170943e-15 -3.249779867e-21      245.150243 
2  39 -1 0
1
3.15458388899983e-07 -8.45268250195233e-08 -0.999999999999947    -98.39990989 
0.99999999999995 1.52354139303955e-12 3.15458388899856e-07    -207.5999846 
1.49687669699999e-12 -0.999999999999996 8.45268250199997e-08     278.1733545 
2  41 -1 0
1
-4.73075485160024e-07 -1.9555729776624e-06 -0.999999999997976    -98.39994335 
0.923076923414396 -0.384615383805319 3.15458387979285e-07    -100.9999846 
-0.384615383805158 -0.923076923412379 1.98709639702665e-06     245.1502489 
2  43 -1 0
1
0.999999999997976 -3.1625339119936e-07 -1.98709639499618e-06    -102.3999968 
-3.16253391200009e-07 -0.99999999999995 -1.2533127439905e-14    -191.4999798 
-1.98709639499608e-06 6.40959100998735e-13 -0.999999999998026     232.6414691 
2  45 -1 0
1
0.999999999999573 2.41668494799897e-07 -8.92176895199668e-07    -103.3999383 
2.41668494799982e-07 -0.999999999999971 -1.19298571583116e-14    -190.4999798 
-8.92176895199645e-07 -2.03681190199919e-13 -0.999999999999602     231.1503738 
2  47 -1 0
1
0.342019759110454 0.939692760628721 1.68393133905147e-14    -30.88251997 
2.03094102640666e-15 -1.86592214878854e-14               1    -198.4999798 
0.939692760628721 -0.342019759110454 -8.29028301825339e-15     210.5574691 
2  49 -1 0
1
0.906310486773656 -0.422612472087716 9.41339449672638e-08    -144.9479797 
-8.53146133042475e-08 3.97821109526911e-08 0.999999999999996    -72.99997937 
-0.422612472087718 -0.90631048677366 -7.52912984878118e-14     142.0501928 
2  51 -1 0
Curve2ds 490
7 0 0  3 25 23  1.5707963269999878 1.6000002525086359  1.5469963865480225 1.6000002530246922  1.4993965049635205 1.6000002564233242  1.4279966804340465 1.6000002643125362  1.3565968532527681 1.6000002689990491  1.2851970242788711 1.6000002703887295  1.2137971941583605 1.6000002694766153  1.1423973633283591 1.6000002679383638  1.070997531949494 1.6000002672501561  0.9995977000124262 1.6000002684034822  0.92819786744725219 1.6000002717803199  0.85679803422350553 1.6000002772050397  0.78539820041487196 1.6000002840981169  0.71399836622173307 1.6000002916883125  0.64259853194972094 1.60000029923548  0.57119869794745814 1.6000003062172252  0.49979886452801658 1.6000003124349957  0.4283990318445533 1.6000003180099795  0.35699919992912327 1.6000003232562408  0.28559936823674936 1.6000003284598594  0.21419953728482144 1.6000003336088893  0.14279970284603319 1.6000003382800079  0.071399878363911706 1.6000003415606454  0.023799967719794805 1.6000003428019718  0 1.6000003431393848 
 0 4 0.045454545454545456 1 0.090909090909090912 1 0.13636363636363635 1 0.18181818181818182 1 0.22727272727272729 1 0.27272727272727271 1 0.31818181818181818 1 0.36363636363636365 1 0.40909090909090912 1 0.45454545454545459 1 0.5 1 0.54545454545454541 1 0.59090909090909094 1 0.63636363636363635 1 0.68181818181818188 1 0.72727272727272729 1 0.77272727272727271 1 0.81818181818181823 1 0.86363636363636365 1 0.90909090909090917 1 0.95454545454545459 1 1 4
7 0 0  3 25 23  1.5707963269999878 1.6000002525086359  1.5707963269999878 1.6454547985918466  1.5707963269999874 1.736363890758269  1.5707963269999881 1.8727275290079033  1.5707963269999876 2.0090911672575382  1.5707963269999894 2.1454548055071676  1.5707963269999825 2.281818443756817  1.5707963270000076 2.4181820820063971  1.5707963269999992 2.5545457202560575  1.5707963270000074 2.6909093585056381  1.5707963269999825 2.8272729967552861  1.5707963269999894 2.9636366350049164  1.5707963269999874 3.100000273254552  1.5707963269999878 3.2363639115041822  1.5707963269999889 3.3727275497538285  1.5707963269999827 3.5090911880034112  1.5707963270000076 3.6454548262530708  1.5707963270000005 3.7818184645026518  1.5707963270000014 3.9181821027522998  1.5707963270000069 4.054545741001931  1.570796326999983 4.1909093792515648  1.5707963269999892 4.3272730175011977  1.5707963269999874 4.4636366557508369  1.5707963269999878 4.5545457479172438  1.5707963269999878 4.6000002940004379 
 0 4 0.04545454545454556 1 0.090909090909090967 1 0.13636363636363638 1 0.18181818181818193 1 0.22727272727272735 1 0.27272727272727276 1 0.31818181818181818 1 0.36363636363636365 1 0.40909090909090912 1 0.45454545454545453 1 0.50000000000000022 1 0.54545454545454575 1 0.59090909090909127 1 0.63636363636363669 1 0.6818181818181821 1 0.72727272727272751 1 0.77272727272727293 1 0.81818181818181834 1 0.86363636363636376 1 0.90909090909090917 1 0.95454545454545459 1 1 4
7 0 0  9 10 2  1.5707963269999878 4.6000002940004387  1.3962634226289707 4.6000002666044795  1.2217642920152887 4.6000002716713118  1.0470583364642079 4.6000002840973035  0.87289801958418589 4.600000286518787  0.69789851093675315 4.6000002902011792  0.52373794140401098 4.6000002886931659  0.34903219403795677 4.6000002962300011  0.17453298828114958 4.6000003030262153  6.1814468321763627e-08 4.6000002940003819 
 0 10 1 10
7 0 0  3 25 23  0 1.6000003444206903  1.3395176918291275e-08 1.6454548894393786  2.6720509654234293e-08 1.7363639794776895  2.4357900298196017e-08 1.8727276145513416  2.7946724013209661e-08 2.009091249655492  2.9887468918643017e-08 2.1454548848012003  3.2203836177233831e-08 2.2818185199974494  3.4344002238604027e-08 2.4181821552504523  3.6449524433280685e-08 2.5545457905647391  3.8478967943865148e-08 2.6909094259420754  4.0442957554026698e-08 2.8272730613826269  4.2340855272131819e-08 2.9636366968843126  4.4177633845667053e-08 3.1000003324430141  4.5959449284553819e-08 3.2363639680530598  4.7694477253449007e-08 3.3727276037066503  4.9392716002322246e-08 3.5090912393946039  5.1065938251822911e-08 3.6454548751058531  5.2727526497916746e-08 3.7818185108280291  5.4392455154377529e-08 3.9181821465469846  5.6077185617670827e-08 4.0545457822475921  5.7799592274157715e-08 4.1909094179129527  5.9578894448195301e-08 4.3272730535253334  6.143540574661348e-08 4.4636366890656518  6.2739168921805949e-08 4.5545457793642443  6.3411150108549839e-08 4.6000003244948005 
 0.25806454649999999 4 0.28005868038181819 1 0.30205281426363634 1 0.32404694814545454 1 0.34604108202727268 1 0.36803521590909088 1 0.39002934979090909 1 0.41202348367272723 1 0.43401761755454543 1 0.45601175143636363 1 0.47800588531818178 1 0.50000001920000003 1 0.52199415308181818 1 0.54398828696363632 1 0.56598242084545447 1 0.58797655472727262 1 0.60997068860909087 1 0.63196482249090913 1 0.65395895637272727 1 0.67595309025454542 1 0.69794722413636356 1 0.71994135801818171 1 0.74193549189999997 4
7 0 0  1 2 2  1.0499999635532049 -2.9000001829207775  4.0499999374630136 -2.9000002038452379 
 0.25806454649999999 2 0.74193549189999997 2
7 0 0  3 25 23  1.5707963270000054 101.28245274426877  1.5707963270000054 99.820329344503691  1.5707963270000054 96.896082544973552  1.5707963270000054 92.509712345678437  1.5707963270000054 88.123342146383223  1.5707963270000056 83.736971947088009  1.5707963270000047 79.350601747792879  1.5707963270000072 74.964231548497636  1.5707963269999992 70.577861349202422  1.5707963270000069 66.191491149907264  1.5707963270000052 61.805120950612107  1.570796327000006 57.418750751316871  1.5707963270000054 53.032380552021678  1.5707963270000056 48.646010352726542  1.5707963270000054 44.259640153431313  1.5707963270000058 39.873269954136127  1.5707963270000056 35.486899754840969  1.5707963270000056 31.10052955554572  1.5707963270000052 26.714159356250534  1.5707963270000069 22.327789156955419  1.5707963269999996 17.941418957660151  1.5707963270000074 13.555048758365004  1.5707963270000052 9.1686785590697966  1.5707963270000052 6.2444317595396894  1.5707963270000056 4.7823083597746461 
 0 4 4.3863701992951913 1 8.7727403985903827 1 13.159110597885574 1 17.545480797180765 1 21.931850996475958 1 26.318221195771148 1 30.704591395066338 1 35.090961594361531 1 39.477331793656724 1 43.863701992951917 1 48.250072192247103 1 52.636442391542296 1 57.022812590837489 1 61.409182790132675 1 65.795552989427875 1 70.181923188723061 1 74.568293388018247 1 78.954663587313448 1 83.341033786608634 1 87.727403985903834 1 92.11377418519902 1 96.500144384494206 4
1 1.0499968999999965 -2.8609725300623743 0 -1 
7 0 0  1 2 2  6.5727838661385302e-07 95.366120178486284  1.4585840492597837e-06 212.8661201785047 
 0 2 1 2
7 0 0  3 25 23  0 11.587681171291301  1.2534230580232633e-10 13.077242528475312  2.4212362478382354e-10 16.05636524236057  1.9518546665487729e-10 20.525049312023139  2.0776612524456391e-10 24.993733380820551  2.0439231169227955e-10 29.462417448992749  2.0529625370066632e-10 33.931101516744704  2.0505430374985558e-10 38.399785584244178  2.0511816608368457e-10 42.868469651626746  2.051046712562313e-10 47.337153718998621  2.0510545095901369e-10 51.805837786440598  2.051051734578401e-10 56.274521854011333  2.0510550843198636e-10 60.743205921750892  2.0510445076562901e-10 65.211889989684096  2.0510835124947474e-10 69.680574057824188  2.0510446998244788e-10 74.149258126176335  2.0510544135438881e-10 78.61794219474092  2.0510544212949055e-10 83.086626263517132  2.0510447271271258e-10 87.555310332506551  2.051083547083244e-10 92.023994401716593  2.0510445941889705e-10 96.492678471163629  2.0510550558086002e-10 100.96136254087759  2.0510522134131786e-10 105.43004661090238  2.0510528524438758e-10 108.40916932450732  2.0510528551572006e-10 109.89873068138422 
 0.090128057280000007 4 0.12488512474909091 1 0.15964219221818182 1 0.19439925968727273 1 0.22915632715636364 1 0.26391339462545454 1 0.29867046209454545 1 0.33342752956363636 1 0.36818459703272727 1 0.40294166450181818 1 0.43769873197090908 1 0.47245579943999999 1 0.50721286690909095 1 0.54196993437818186 1 0.57672700184727277 1 0.61148406931636368 1 0.64624113678545458 1 0.68099820425454549 1 0.7157552717236364 1 0.75051233919272731 1 0.78526940666181821 1 0.82002647413090912 1 0.85478354160000003 4
7 0 0  5 6 2  118.5499969 -99.361049498756543  118.5499969 -79.698839534129505  118.5499969 -60.036629702395174  118.5499969 -40.374419828398928  118.5499969 -20.712209863771946  118.5499969 -1.0500000320375733 
 0.090128057280000007 6 0.85478354160000003 6
7 0 0  3 25 23  1.1344640140000002 192.35000078392676  1.1344640140000002 191.96743998712694  1.1344640140000002 191.20231839352726  1.134464014 190.05463600312777  1.1344640140000004 188.90695361272827  1.134464014 187.75927122232875  1.1344640140000004 186.61158883192934  1.134464014 185.46390644152976  1.1344640140000004 184.31622405113032  1.1344640140000002 183.16854166073077  1.1344640140000004 182.02085927033133  1.1344640140000002 180.8731768799318  1.1344640140000002 179.72549448953231  1.1344640140000004 178.57781209913279  1.1344640140000002 177.43012970873335  1.134464014 176.28244731833379  1.1344640140000004 175.13476492793438  1.1344640140000002 173.98708253753477  1.1344640140000004 172.83940014713536  1.1344640140000002 171.69171775673578  1.134464014 170.54403536633629  1.134464014 169.39635297593685  1.1344640140000002 168.24867058553733  1.1344640140000004 167.48354899193768  1.1344640140000002 167.10098819513783 
 0.28012725090000001 4 0.28442246937727272 1 0.28871768785454549 1 0.2930129063318182 1 0.29730812480909091 1 0.30160334328636362 1 0.30589856176363639 1 0.3101937802409091 1 0.31448899871818181 1 0.31878421719545452 1 0.32307943567272729 1 0.32737465415 1 0.33166987262727271 1 0.33596509110454542 1 0.34026030958181819 1 0.3445555280590909 1 0.34885074653636361 1 0.35314596501363638 1 0.35744118349090909 1 0.3617364019681818 1 0.36603162044545451 1 0.37032683892272722 1 0.37462205739999999 4
7 0 0  8 9 2  0.69164546422413964 12.969081835382012  0.80153752869440131 12.969081859476013  0.911444596912942 12.96908188186447  1.0213063172807257 12.96908190265995  1.1312381209079356 12.969081921909183  1.2411068289308997 12.969081939971691  1.3510080718433231 12.969081957429914  1.4609042636975733 12.969081975740634  1.5707963270000027 12.969081997082382 
 0 9 1 9
7 0 0  1 2 2  1.0499999897757277 -97.443435700000009  1.0499999897757277 -9.0434357000000034 
 0 2 1 2
7 0 0  7 8 2  1.5707963349247418 1.599999134891789  1.3463968773991515 1.5999992055954688  1.1219929840066314 1.599999273680488  0.89760564456906433 1.5999993514496531  0.67319071949257181 1.5999994180926376  0.44880333537966682 1.5999994406701281  0.22439947828570581 1.5999994280111509  1.1102230246251565e-16 1.5999994490460012 
 0 8 1 8
7 0 0  1 2 2  1.0500000249745653 -1.0500007763610597  1.0500001725393986 -54.450000718682674 
 0 2 1 2
7 0 0  3 25 23  1.5707963821682027 4.6000011880939837  1.5469964378229712 4.6000011954022062  1.4993965490383043 4.6000012100184406  1.4279967155809807 4.6000012318312207  1.3565968818450536 4.6000012534210839  1.2851970478342185 4.6000012746780685  1.2137972135533999 4.6000012954937777  1.142397379008937 4.6000013157623698  1.0709975442085578 4.600001335380222  0.99959770916118995 4.6000013542476044  0.92819787387714192 4.6000013722683351  0.85679803836783763 4.6000013893504823  0.78539820264588334 4.6000014054071423  0.71399836672496197 4.6000014203563735  0.64259853061979932 4.6000014341220696  0.57119869434599846 4.6000014466340753  0.49979885792009116 4.6000014578286015  0.42839902135932462 4.6000014676486281  0.35699918468167569 4.6000014760441088  0.2855993479056963 4.6000014829722877  0.21419951105044879 4.6000014883977585  0.14279967413538611 4.6000014922931021  0.071399837180279577 4.6000014946378176  0.023799945863509683 4.6000014951608064  2.0510527742015115e-10 4.6000014951601429 
 1.7166712495999999e-12 4 0.071399833037770519 1 0.14279966607382438 1 0.21419949910987823 1 0.28559933214593208 1 0.35699916518198593 1 0.42839899821803978 1 0.49979883125409363 1 0.57119866429014743 1 0.64259849732620133 1 0.71399833036225513 1 0.78539816339830892 1 0.85679799643436283 1 0.92819782947041674 1 0.99959766250647053 1 1.0709974955425243 1 1.1423973285785782 1 1.2137971616146321 1 1.285196994650686 1 1.3565968276867397 1 1.4279966607227936 1 1.4993964937588475 1 1.5707963267949014 4
7 0 0  6 7 2  117.54999403000001 -72.810972523446864  117.54951960060959 -74.119969376465917  117.14004497796134 -75.429340096435922  116.31473222106203 -76.575710709368238  115.16836158450111 -77.401023490736975  113.85899088301412 -77.810498177907135  112.54999403000001 -77.810972620774365 
 1.7166712495999999e-12 7 1.5707963267949014 7
7 0 0  1 2 2  112.54999403000001 -77.810972620774365  87.799993999999998 -77.810972620774365 
 0 2 1 2
7 0 0  3 25 23  1.5707963270000092 1.599999970550158  1.5469963836180503 1.5999999705500381  1.4993964968541094 1.5999999706495736  1.4279966666934978 1.5999999710957908  1.3565968365034979 1.5999999718370679  1.2851970062696121 1.5999999728695908  1.2137971759775825 1.5999999741879583  1.1423973456133825 1.5999999757857015  1.0709975151634303 1.5999999776543636  0.9995976846145469 1.5999999797847864  0.92819785395405241 1.5999999821657847  0.85679802316982634 1.5999999847854356  0.78539819225043561 1.5999999876303059  0.71399836118499149 1.5999999906859037  0.64259852996380085 1.5999999939366627  0.57119869857623218 1.5999999973660548  0.49979886701931386 1.6000000009565134  0.42839903526492662 1.6000000046897873  0.35699920338359786 1.6000000085469641  0.28559937108170014 1.6000000125082037  0.21419953942936412 1.6000000165534298  0.14279970441200224 1.6000000206620535  0.071399880995693804 1.6000000248130417  0.023799969208758865 1.6000000275945214  0 1.6000000289852814 
 1.4210854715000002e-14 4 0.071399833036062538 1 0.14279966607211086 1 0.21419949910815919 1 0.28559933214420752 1 0.35699916518025587 1 0.42839899821630417 1 0.49979883125235247 1 0.57119866428840083 1 0.64259849732444918 1 0.71399833036049754 1 0.78539816339654578 1 0.85679799643259413 1 0.92819782946864249 1 0.99959766250469073 1 1.0709974955407391 1 1.1423973285767874 1 1.2137971616128358 1 1.2851969946488842 1 1.3565968276849325 1 1.4279966607209809 1 1.499396493757029 1 1.5707963267930773 4
7 0 0  6 7 2  87.799994000000012 -77.810972620774365  87.276395262988473 -77.811173635837477  86.752651056832988 -77.974939581162388  86.2940992132486 -78.30507783825125  85.963961107678543 -78.763629578738488  85.800195112021242 -79.28737380674319  85.799994000000027 -79.810972543717497 
 1.4210854715000002e-14 7 1.5707963267930773 7
7 0 0  1 2 2  85.799993999999998 -79.810972543717469  85.799993999999998 -81.660972544932292 
 0 2 1 2
7 0 0  5 6 2  3.1415926534102088 3.000000446276772  3.455668930085376 3.0000004084335754  3.7701051254489046 3.0000004093338597  4.0838757053894454 3.0000002981086711  4.3983134403856337 3.0000002751259833  4.7123890319941335 3.0000002650151885 
 0 6 1 6
7 0 0  7 8 2  82.299993999999998 -85.160972579252061  83.085184625668347 -85.160683031629247  83.871223518580138 -84.956059418442337  84.591486645539717 -84.543582708541265  85.182594405430294 -83.952463379649316  85.595085541888622 -83.232205081781203  85.799704463196775 -82.446161457937521  85.799993999999998 -81.660972544932278 
 0 8 1 8
7 0 0  5 6 2  1.5707962748262818 3.0000002650151885  1.884871866434779 3.0000002751259776  2.1993096386035038 3.0000002981086777  2.5130801739802515 3.0000004093338557  2.8275164053064588 3.0000004084335785  3.1415926534102088 3.000000446276772 
 0 6 1 6
7 0 0  7 8 2  78.799993999999998 -81.660972544932278  78.800283608223467 -82.446161457911458  79.004902539863281 -83.232205112099848  79.417393742068668 -83.952463296953169  80.008501323780536 -84.543582761161758  80.728764482402084 -84.95605947602607  81.51480344575991 -85.16068303165541  82.299993999999998 -85.160972579252061 
 0 8 1 8
7 0 0  1 2 2  4.0499999923323529 -1.0499999931024058  4.0500000031839951 -2.8999999943172261 
 0 2 1 2
7 0 0  9 10 2  1.5707963270000092 4.6000002940003801  1.3962633615178826 4.6000002712523953  1.2217642223908254 4.600000276862211  1.0470580473045363 4.600000287745992  0.87289855817819473 4.6000002874316301  0.69789740212196893 4.6000002788153251  0.52373868695580905 4.6000002603348831  0.34903170023187774 4.6000002439374041  0.17453292646667301 4.6000002364989419  1.1102230246251565e-16 4.6000002456314109 
 0 10 1 10
7 0 0  1 2 2  76.799993999999998 -77.810972620774365  38.299993999999998 -77.810972620774365 
 0 2 1 2
7 0 0  3 25 23  1.5707963269984246 1.599999970550158  1.5469963836164837 1.599999970550035  1.4993964968525479 1.5999999706495722  1.4279966666919022 1.5999999710958002  1.3565968365019103 1.5999999718370321  1.2851970062680431 1.599999972869554  1.2137971759759887 1.5999999741879714  1.1423973456117771 1.5999999757856858  1.0709975151618634 1.5999999776544134  0.99959768461295795 1.5999999797847735  0.92819785395246657 1.599999982165788  0.85679802316822606 1.5999999847854334  0.78539819224883722 1.5999999876303108  0.71399836118339988 1.5999999906858873  0.64259852996222089 1.599999993936724  0.57119869857464489 1.5999999973659964  0.49979886701771287 1.6000000009565172  0.42839903526332307 1.6000000046898313  0.3569992033820017 1.6000000085469559  0.28559937108013828 1.6000000125081939  0.21419953942772177 1.600000016553478  0.1427997044105328 1.6000000206620404  0.071399880993819803 1.6000000248130444  0.023799969207781449 1.6000000275945252  0 1.6000000289852832 
 1.5916157280000001e-12 4 0.071399833037640581 1 0.14279966607368955 1 0.21419949910973851 1 0.28559933214578748 1 0.35699916518183644 1 0.42839899821788541 1 0.49979883125393437 1 0.57119866428998334 1 0.64259849732603236 1 0.71399833036208127 1 0.78539816339813018 1 0.8567979964341792 1 0.92819782947022822 1 0.99959766250627713 1 1.070997495542326 1 1.1423973285783751 1 1.2137971616144241 1 1.2851969946504731 1 1.3565968276865219 1 1.4279966607225709 1 1.4993964937586199 1 1.570796326794669 4
7 0 0  6 7 2  38.299993999999998 -77.810972620774365  37.776395262988324 -77.811173635837676  37.252651056817172 -77.974939581171014  36.794099213262044 -78.305077838237622  36.463961107669789 -78.763629578754362  36.300195112021157 -79.287373806743403  36.299993999999998 -79.810972543717497 
 1.5916157280000001e-12 7 1.570796326794669 7
7 0 0  1 2 2  36.299993999999998 -79.810972543717469  36.299993999999998 -81.660972544932292 
 0 2 1 2
7 0 0  5 6 2  3.1415926534102092 3.000000446276772  3.4556689300853765 3.0000004084335754  3.7701051254489011 3.0000004093338597  4.0838757053894517 3.0000002981086711  4.3983134403856354 3.0000002751259833  4.7123890319941335 3.0000002650151885 
 0 6 1 6
7 0 0  7 8 2  32.799993999999991 -85.160972579252061  33.585184625668219 -85.160683031629276  34.371223518580642 -84.956059418442081  35.091486645538915 -84.543582708541749  35.682594405430919 -83.95246337964862  36.095085541888402 -83.232205081781785  36.299704463196754 -82.446161457937279  36.299993999999991 -81.660972544932278 
 0 8 1 8
7 0 0  5 6 2  1.5707962748262829 3.0000002650151885  1.8848718664347801 3.0000002751259776  2.1993096386034994 3.0000002981086777  2.5130801739802502 3.0000004093338557  2.8275164053064614 3.0000004084335785  3.1415926534102092 3.000000446276772 
 0 6 1 6
7 0 0  7 8 2  29.299994000000002 -81.660972544932278  29.300283608223197 -82.446161457911458  29.504902539864371 -83.232205112099749  29.917393742066832 -83.952463296953482  30.508501323782244 -84.543582761161417  31.228764482401061 -84.956059476026255  32.0148034457603 -85.160683031655367  32.799994000000005 -85.160972579252061 
 0 8 1 8
7 0 0  1 2 2  4.0499999923323529 -1.0499999931024058  4.0500000031839951 -2.8999999943172261 
 0 2 1 2
7 0 0  9 10 2  1.570796327000016 4.6000002940004379  1.3962633615178917 4.6000002712524584  1.2217642223908729 4.6000002768622181  1.0470580473045608 4.6000002877461981  0.87289855817812756 4.6000002874314356  0.69789740212209839 4.6000002788156724  0.52373868695572146 4.6000002603347241  0.34903170023196517 4.6000002439375702  0.17453292646667595 4.6000002364989649  -1.1102230246251565e-16 4.6000002456314748 
 0 10 1 10
7 0 0  1 2 2  27.299993999999998 -77.810972620774365  7.0499939999999981 -77.810972620774365 
 0 2 1 2
7 0 0  3 25 23  1.5707963269984018 4.6000012232677818  1.5469963813400067 4.6000012232684417  1.4993964900232359 4.6000012227454548  1.4279966530680999 4.6000012204007508  1.3565968161530486 4.6000012165053592  1.2851969792977957 4.6000012110799009  1.2137971425218035 4.6000012041517193  1.1423973058441579 4.6000011957562386  1.0709974692833948 4.6000011859362111  0.99959763285745828 4.6000011747416858  0.9281977965836733 4.6000011622296801  0.85679796047848455 4.6000011484639822  0.78539812455755853 4.6000011335147546  0.71399828883561356 4.6000011174580893  0.64259845332630128 4.6000011003759589  0.57119861804223715 4.6000010823551616  0.49979878299487651 4.6000010634878628  0.42839894819446417 4.6000010438699137  0.35699911365002907 4.6000010236014486  0.28559927936919544 4.6000010027856719  0.21419944535834795 4.6000009815286607  0.14279961162241828 4.6000009599388028  0.071399778165092714 4.6000009381260236  0.023799889380422733 4.6000009235097883  -5.4964812257196627e-08 4.6000009162015658 
 1.5973000700000001e-12 4 0.071399833037656749 1 0.14279966607371619 1 0.21419949910977562 1 0.28559933214583505 1 0.35699916518189451 1 0.42839899821795391 1 0.49979883125401336 1 0.57119866429007282 1 0.64259849732613228 1 0.71399833036219174 1 0.78539816339825119 1 0.85679799643431054 1 0.92819782947036999 1 0.99959766250642945 1 1.070997495542489 1 1.1423973285785485 1 1.2137971616146079 1 1.2851969946506674 1 1.3565968276867268 1 1.4279966607227863 1 1.4993964937588458 1 1.5707963267949052 4
7 0 0  6 7 2  7.0499939999999981 -77.810972620774351  5.7409971469859595 -77.810498177883204  4.4316264497295697 -77.401023440292946  3.285255850255179 -76.575710689336915  2.459943079069558 -75.429340063299094  2.0504684877327377 -74.119969376444871  2.0499939999999977 -72.810972523446864 
 1.5973000700000001e-12 7 1.5707963267949052 7
7 0 0  5 6 2  1.0500001725393986 -54.450000718682674  1.0500001780573029 -43.7700007024184  1.0500001413133759 -33.090000776784933  1.0500000562005312 -22.410000718258843  1.0500000617184355 -11.730000701994555  1.0500000249745653 -1.0500007763610597 
 0 6 53.399999942321628 6
7 0 0  3 25 23  1.5707962718300732 4.6000011880939269  1.5469963274846008 4.6000011807857355  1.4993964388878616 4.600001166169509  1.427996606273082 4.6000011443566722  1.3565967739368803 4.6000011227668631  1.2851969418756188 4.6000011015098803  1.2137971100843232 4.600001080694109  1.1423972785566554 4.6000010604255932  1.0709974472849564 4.6000010408076779  0.99959761626018895 4.6000010219402965  0.92819778547212772 4.6000010039196235  0.85679795490933164 4.6000009868374132  0.78539812455916147 4.6000009707807816  0.7139982944079708 4.6000009558314963  0.64259846444103297 4.6000009420658197  0.57119863464271292 4.6000009295537918  0.49979880499650836 4.6000009183593296  0.42839897548516315 4.6000009085392408  0.35699914609069783 4.6000009001437752  0.28559931679457018 4.6000008932155971  0.21419948757769963 4.6000008877901104  0.14279965842064909 4.6000008838948263  0.071399829303639251 4.6000008815500593  0.023799943238999519 4.6000008810270616  2.0669971259995072e-10 4.6000008810277393 
 1.1368683772000001e-14 4 0.071399833036070157 1 0.14279966607212896 1 0.21419949910818775 1 0.28559933214424654 1 0.35699916518030533 1 0.42839899821636412 1 0.49979883125242291 1 0.57119866428848165 1 0.64259849732454044 1 0.71399833036059923 1 0.78539816339665802 1 0.85679799643271681 1 0.9281978294687756 1 0.99959766250483439 1 1.0709974955408932 1 1.142397328576952 1 1.2137971616130108 1 1.2851969946490696 1 1.3565968276851283 1 1.4279966607211871 1 1.4993964937572459 1 1.5707963267933047 4
7 0 0  6 7 2  2.0499939999999972 -19.410972581125247  2.0504684877728732 -18.101975728127513  2.4599431918051278 -16.792605015127879  3.2852558091836244 -15.646234508233135  4.4316265734984244 -14.820921678594724  5.7409971469731573 -14.411447024358438  7.0499939999999981 -14.410972616690342 
 1.1368683772000001e-14 7 1.5707963267933047 7
7 0 0  1 2 2  1.0499999414067618 -1.0499992999999961  1.0499999414067618 -21.299999299999996 
 0 2 1 2
7 0 0  3 25 23  1.5707963269984246 1.6000000390514231  1.5469963834153024 1.6000000390511657  1.4993964962490336 1.6000000392603615  1.4279966654879868 1.6000000401982337  1.3565968347037078 1.6000000417563549  1.28519700388469 1.6000000439266242  1.2137971730196804 1.6000000466978617  1.1423973420975653 1.6000000500560407  1.0709975111076151 1.6000000539840356  0.99959768003935734 1.6000000584618885  0.92819784888280599 1.6000000634666738  0.8567980176283907 1.6000000689729434  0.78539818626700608 1.6000000749526198  0.71399835479011198 1.6000000813753235  0.64259852318978894 1.6000000882081766  0.57119869145871149 1.6000000954164502  0.49979885959020987 1.6000001029633821  0.42839902757835818 1.6000001108105928  0.35699919541794628 1.6000001189179764  0.28559936310447448 1.6000001272442308  0.2141995306342972 1.6000001357470599  0.14279969800450171 1.6000001443830285  0.071399865213011282 1.6000001531081163  0.023799976576857319 1.6000001589546127  3.2231433522156281e-08 1.6000001618779152 
 1.5774048735e-12 4 0.071399833037628965 1 0.14279966607368053 1 0.21419949910973207 1 0.28559933214578365 1 0.35699916518183522 1 0.42839899821788674 1 0.49979883125393831 1 0.57119866428998989 1 0.64259849732604146 1 0.71399833036209304 1 0.78539816339814461 1 0.85679799643419607 1 0.92819782947024765 1 0.99959766250629922 1 1.0709974955423509 1 1.1423973285784024 1 1.2137971616144538 1 1.2851969946505055 1 1.356596827686557 1 1.4279966607226087 1 1.4993964937586601 1 1.5707963267947116 4
7 0 0  6 7 2  27.299993999999998 -14.410972616690344  27.823592736969385 -14.410771490899867  28.347337018613928 -14.247005553114187  28.805888806742573 -13.916867377817397  29.136027004679715 -13.458315578376997  29.299792971366767 -12.934571297861297  29.299994000000005 -12.410972560854631 
 1.5774048735e-12 7 1.5707963267947116 7
7 0 0  1 2 2  4.0499999984394588 -1.0500002166258  4.0499999186603004 -2.9000001755787905 
 0 2 1 2
7 0 0  5 6 2  1.1102230246251565e-16 2.9999999508609911  0.31407623997089806 2.9999999887694155  0.62851244970043552 2.9999999486047786  0.94228299648820113 2.9999999391690162  1.256720756959343 2.9999999043512893  1.570796352509827 2.9999999055455646 
 0 6 1 6
7 0 0  7 8 2  32.799993999999998 -7.0609725253199951  32.014803445784288 -7.0612621376451914  31.228764519015435 -7.2658857163285386  30.508501393774875 -7.6783624266938739  29.917393762020325 -8.2694818446434581  29.504902549507907 -8.9897400580897813  29.300283608234164 -9.7757836587355182  29.299994000000002 -10.560972601901637 
 0 8 1 8
7 0 0  5 6 2  4.7123889543105895 2.9999999055455642  5.0264645498610605 2.9999999043512764  5.3409022736805012 2.9999999391690411  5.654672863595346 2.9999999486047528  5.9691090386372592 2.9999999887694293  6.2831853071795853 2.9999999508609907 
 0 6 1 6
7 0 0  7 8 2  36.299993999999998 -10.560972601901639  36.299704463185762 -9.7757836587092033  36.095085543168473 -8.9897401111547417  35.682594359858868 -8.2694817658715607  35.091486667133921 -7.6783624523240732  34.37122348910875 -7.2658857244571129  33.585184625644182 -7.061262137671509  32.799993999999998 -7.0609725253199969 
 0 8 1 8
7 0 0  1 2 2  36.299993999999998 -10.560972601901629  36.299993999999998 -12.410972560854621 
 0 2 1 2
7 0 0  1 2 2  1.0499999414067618 -1.0500030999999979  1.0499999414067618 -39.550003099999998 
 0 2 1 2
7 0 0  3 25 23  1.570796327000002 1.6000000390514231  1.5469963834168767 1.6000000390511688  1.4993964962506054 1.6000000392603644  1.4279966654895657 1.6000000401982175  1.3565968347052555 1.600000041756418  1.2851970038862612 1.6000000439265578  1.2137971730212243 1.6000000466978923  1.1423973420991167 1.6000000500559843  1.0709975111091592 1.6000000539840613  0.99959768004090577 1.6000000584618435  0.92819784888436385 1.6000000634666565  0.85679801762993157 1.6000000689728873  0.78539818626853819 1.6000000749526924  0.71399835479166718 1.6000000813752584  0.64259852319130883 1.6000000882081942  0.57119869146022673 1.6000000954164457  0.49979885959172315 1.6000001029633835  0.42839902757989068 1.6000001108105915  0.35699919541942343 1.6000001189179809  0.28559936310598999 1.6000001272442137  0.21419953063576994 1.6000001357471219  0.14279969800602504 1.6000001443829681  0.071399865214494998 1.6000001531081254  0.023799976578334835 1.6000001589546302  3.2232918556473788e-08 1.6000001618779152 
 0 4 0.071399833036055432 1 0.14279966607211086 1 0.2141994991081663 1 0.28559933214422173 1 0.35699916518027719 1 0.42839899821633259 1 0.499798831252388 1 0.57119866428844346 1 0.64259849732449892 1 0.71399833036055438 1 0.78539816339660973 1 0.85679799643266519 1 0.92819782946872065 1 0.999597662504776 1 1.0709974955408315 1 1.1423973285768869 1 1.2137971616129424 1 1.2851969946489978 1 1.3565968276850533 1 1.4279966607211088 1 1.499396493757164 1 1.5707963267932195 4
7 0 0  6 7 2  76.799994000000012 -14.410972616690346  77.323592736969715 -14.410771490899849  77.847337018596846 -14.247005553123143  78.305888806757778 -13.916867377803769  78.636027004670126 -13.458315578392604  78.799792971366898 -12.934571297861298  78.799994000000027 -12.410972560854633 
 0 7 1.5707963267932195 7
7 0 0  1 2 2  4.0499999984394588 -1.0500002166258  4.0499999186603004 -2.9000001755787905 
 0 2 1 2
7 0 0  5 6 2  0 2.9999999508609911  0.31407623997089412 2.9999999887694155  0.62851244970043452 2.9999999486047786  0.9422829964881938 2.9999999391690162  1.2567207569593379 2.9999999043512893  1.570796352509823 2.9999999055455646 
 0 6 1 6
7 0 0  7 8 2  82.299993999999998 -7.0609725253199942  81.514803445784395 -7.0612621376451941  80.728764519014831 -7.2658857163285386  80.008501393775873 -7.6783624266938864  79.417393762019444 -8.2694818446434191  79.004902549508458 -8.9897400580898115  78.800283608233983 -9.7757836587355147  78.799993999999998 -10.560972601901636 
 0 8 1 8
7 0 0  5 6 2  4.7123889543105859 2.9999999055455642  5.0264645498610543 2.9999999043512764  5.3409022736805163 2.9999999391690411  5.6546728635953238 2.9999999486047528  5.9691090386372636 2.9999999887694293  6.2831853071795853 2.9999999508609907 
 0 6 1 6
7 0 0  7 8 2  85.799993999999998 -10.560972601901639  85.79970446318579 -9.7757836587092033  85.595085543168182 -8.9897401111547381  85.182594359859422 -8.2694817658715465  84.591486667133623 -7.6783624523240652  83.8712234891088 -7.2658857244571129  83.085184625644231 -7.0612621376715055  82.299993999999998 -7.0609725253199969 
 0 8 1 8
7 0 0  1 2 2  85.799993999999998 -10.560972601901629  85.799993999999998 -12.410972560854621 
 0 2 1 2
7 0 0  9 10 2  1.5707963269999881 4.6000002940004387  1.3962634226289767 4.6000002666044795  1.2217642920152492 4.6000002716713118  1.0470583364642718 4.6000002840973035  0.87289801958404167 4.600000286518787  0.69789851093694644 4.6000002902011792  0.52373794140382945 4.6000002886931659  0.34903219403802571 4.6000002962300011  0.17453298828113664 4.6000003030262153  6.1814461105313967e-08 4.6000002940003819 
 0 10 1 10
7 0 0  1 2 2  1.0499999414067618 -1.0500030500000008  1.0499999414067618 -25.80000308000001 
 0 2 1 2
7 0 0  3 25 23  6.2831853071795862 2.9999999508609911  6.2831853070698385 2.9545454089943788  6.2831853069675843 2.8636363245776328  6.2831853070086803 2.7272726960269331  6.2831853069976704 2.5909090656567386  6.2831853070006201 2.4545454336392623  6.2831853069998314 2.3181818001787065  6.283185307000041 2.1818181655085782  6.2831853069999859 2.045454529880129  6.2831853069999992 1.9090908935544852  6.2831853069999974 1.7727272567923231  6.2831853069999974 1.6363636198452172  6.2831853069999974 1.499999982946004  6.2831853069999966 1.363636346299711  6.2831853069999974 1.2272727100742185  6.2831853069999957 1.0909090743909209  6.2831853069999823 0.95454543931548208  6.2831853070000419 0.81818180484857672  6.2831853069998305 0.68181817091654706  6.2831853070006209 0.54545453736196081  6.2831853069976695 0.40909090393562275  6.2831853070086838 0.27272727028238009  6.2831853069675834 0.13636363594877091  6.2831853070698376 0.045454545524738862  6.2831853071795862 0 
 0 4 0.045454545454545456 1 0.090909090909090912 1 0.13636363636363635 1 0.18181818181818182 1 0.22727272727272729 1 0.27272727272727271 1 0.31818181818181818 1 0.36363636363636365 1 0.40909090909090912 1 0.45454545454545459 1 0.5 1 0.54545454545454541 1 0.59090909090909094 1 0.63636363636363635 1 0.68181818181818188 1 0.72727272727272729 1 0.77272727272727271 1 0.81818181818181823 1 0.86363636363636365 1 0.90909090909090917 1 0.95454545454545459 1 1 4
