DBRep_DrawableShape

CASCADE Topology V1, (c) Matra-Datavision
Locations 0
Curve2ds 52
7 0 0  3 69 67  4.7123889803842856 -86.685935133231396  4.682215663823496 -86.82720314410895  4.6223237889162068 -87.108647895009625  4.5330840293833976 -87.527516182356877  4.4437725404994168 -87.942668190067707  4.3533820013609059 -88.35505992718258  4.2620920571178909 -88.760546018296566  4.1713172802187506 -89.148918131317416  4.079818156249444 -89.521423033489086  3.9868295365129125 -89.876846192906513  3.8919376120122604 -90.212861781133341  3.7972410363359663 -90.517441425919287  3.7014720592199226 -90.790369731965072  3.6040458804553106 -91.028770769660326  3.5040547124550283 -91.230359183311393  3.4041550996101084 -91.384767695412776  3.3038147494260484 -91.491643041339955  3.2031015241197127 -91.548864366788052  3.101751593731767 -91.554458904303829  3.0004847883032446 -91.507199114483782  2.8995627079979132 -91.410043453600863  2.7993562380316073 -91.265334674041725  2.7003056816505291 -91.075174036337842  2.6023990792494196 -90.843809563136986  2.5054039716290357 -90.575165640727221  2.4093006257982101 -90.273263216854573  2.3138533860388488 -89.941045674523352  2.2198996929566377 -89.586419717577925  2.1272212989461243 -89.213087764504223  2.0355021118186833 -88.823957726316834  1.944516178093961 -88.422151783672064  1.8540682959596309 -88.010729546250715  1.7640042689621271 -87.592786637939227  1.6741743036322214 -87.171337196787917  1.5845030249694805 -86.749685289974948  1.4946726150153609 -86.330056754047121  1.4044166080543761 -85.914491465697765  1.3137340210893456 -85.506107205380189  1.2225662041032788 -85.107732968136162  1.1308584067649381 -84.722274986915295  1.0385206313851914 -84.35261932843683  0.94541114299884033 -84.001655486499089  0.85133978612681993 -83.672279412705009  0.75598426338542524 -83.367357800480292  0.65945867562760174 -83.090169859965698  0.56195817868404241 -82.844012618760587  0.46363469595688844 -82.632123652657356  0.36449153464903894 -82.457951518691516  0.26412809155090677 -82.323439487957302  0.16313386578506073 -82.230290228691118  0.061909396321089716 -82.180174382793325  -0.039087252704301356 -82.175174509535594  -0.14029926796050951 -82.215044081442045  -0.24148013588746231 -82.298498620661007  -0.34236169356620838 -82.424384837692443  -0.44279509923727733 -82.592067732185953  -0.54204136045992168 -82.797940516818556  -0.6402193870084929 -83.038637261226668  -0.73730304285181703 -83.311052506090945  -0.83325296494204082 -83.612128194847628  -0.92787740061253565 -83.938265732807977  -1.0214817069098485 -84.286597293200359  -1.1142877335310706 -84.654327114012759  -1.2064611585885991 -85.038640123519528  -1.2981197714898922 -85.436726424024613  -1.3893509656210163 -85.845774731426985  -1.4802263463679228 -86.262974133237975  -1.5406278459879195 -86.544667122354923  -1.5707963267953007 -86.685935133231396 
 0.12499999999999867 4 0.14015151515151381 1 0.15530303030302897 1 0.17045454545454414 1 0.18560606060605928 1 0.20075757575757441 1 0.21590909090908958 1 0.23106060606060475 1 0.24621212121211988 1 0.26136363636363502 1 0.27651515151515016 1 0.29166666666666535 1 0.30681818181818049 1 0.32196969696969563 1 0.33712121212121082 1 0.35227272727272596 1 0.3674242424242411 1 0.38257575757575624 1 0.39772727272727137 1 0.41287878787878657 1 0.42803030303030171 1 0.44318181818181684 1 0.45833333333333204 1 0.47348484848484718 1 0.48863636363636231 1 0.50378787878787745 1 0.51893939393939259 1 0.53409090909090784 1 0.54924242424242298 1 0.56439393939393812 1 0.57954545454545325 1 0.59469696969696839 1 0.60984848484848353 1 0.62499999999999867 1 0.64015151515151381 1 0.65530303030302894 1 0.67045454545454408 1 0.68560606060605933 1 0.70075757575757447 1 0.71590909090908961 1 0.73106060606060475 1 0.74621212121211988 1 0.76136363636363502 1 0.77651515151515016 1 0.79166666666666541 1 0.80681818181818055 1 0.82196969696969568 1 0.83712121212121082 1 0.85227272727272596 1 0.8674242424242411 1 0.88257575757575624 1 0.89772727272727137 1 0.91287878787878651 1 0.92803030303030176 1 0.9431818181818169 1 0.95833333333333204 1 0.97348484848484718 1 0.98863636363636231 1 1.0037878787878776 1 1.0189393939393927 1 1.0340909090909078 1 1.049242424242423 1 1.0643939393939381 1 1.0795454545454533 1 1.0946969696969684 1 1.1098484848484835 1 1.1249999999999987 4
7 0 0  3 69 67  4.7123889803850938 -86.685935133231396  4.6822101235679785 -86.544645716634264  4.6222107552552689 -86.264640184898411  4.5325373571055092 -85.852323927297405  4.4425494642867251 -85.448077422307151  4.3512246135112784 -85.050858863103997  4.258816175426559 -84.664898943665563  4.1668930380206408 -84.300044295946108  4.0741307321860765 -83.954334202758474  3.9797274161397089 -83.628362169986133  3.88321984194656 -83.323800393123335  3.7869810756701741 -83.051802275476263  3.6899148712130634 -82.811815089652384  3.5916648227967189 -82.605934097130799  3.4915431741135721 -82.435627158107465  3.3911534888563555 -82.306962850690994  3.290383091407953 -82.220258944640349  3.1894402179893508 -82.176836488523804  3.088395423063945 -82.177991950260648  2.9872009638426449 -82.224187034233765  2.8861928671082411 -82.31357239412624  2.785718921139424 -82.444653454951464  2.6862068351191661 -82.616087897914454  2.5876150473608415 -82.825269725990424  2.4897950752644795 -83.069356238388508  2.3927920898619184 -83.345476706456012  2.2964595359374331 -83.651465582141498  2.2015869980106029 -83.981884128657953  2.1079490909034231 -84.333432778609819  2.0152699727165437 -84.703382991908526  1.9233735478129619 -85.088850507497796  1.8321264426570956 -85.487002920797863  1.7414470652591207 -85.894956122465231  1.6512397312847487 -86.309980965516345  1.5615498153224792 -86.728780158499191  1.4719021359559425 -87.150174025300899  1.38194537487409 -87.572026797490764  1.2918201576777504 -87.990243083245744  1.2016514391479749 -88.400742663697798  1.1110949470364142 -88.801344251452861  1.0194439305193228 -89.191237090936511  0.92702569183135175 -89.565056433967612  0.83393398246782269 -89.91842183252902  0.73999881017694324 -90.247375276091446  0.64438874997825746 -90.5503218843875  0.54765722168908315 -90.82151640117317  0.45001506960459992 -91.056242159020158  0.35158221864578909 -91.249227164212911  0.25153487536523667 -91.398053179570596  0.1506624733774018 -91.499921789649221  0.0494466911658904 -91.552239683577866  -0.051566147034947996 -91.551689273755258  -0.15264626502215162 -91.498876723069728  -0.25361848006722099 -91.395951527082602  -0.35421554295087709 -91.244915630051878  -0.45442763320343449 -91.046736691380417  -0.55288854909514384 -90.808348708818528  -0.6498927304685802 -90.534297054928786  -0.74558174429278701 -90.228792312440092  -0.84003403212845917 -89.896043798435898  -0.93328832576637222 -89.540694866084692  -1.0256424972950153 -89.165898003072883  -1.1173142286130648 -88.774810795365894  -1.2084833762400988 -88.370589462836321  -1.2992935232730005 -87.956390591383411  -1.3898677045419348 -87.535370668881669  -1.4803193451331795 -87.110686209409181  -1.5406232138160076 -86.827224549827093  -1.5707963267944924 -86.685935133231396 
 0.12499999999999556 4 0.1401515151515107 1 0.15530303030302586 1 0.17045454545454103 1 0.18560606060605617 1 0.2007575757575713 1 0.21590909090908647 1 0.23106060606060164 1 0.24621212121211677 1 0.26136363636363191 1 0.27651515151514705 1 0.29166666666666224 1 0.30681818181817738 1 0.32196969696969252 1 0.33712121212120771 1 0.35227272727272285 1 0.36742424242423799 1 0.38257575757575313 1 0.39772727272726827 1 0.41287878787878346 1 0.4280303030302986 1 0.44318181818181374 1 0.45833333333332893 1 0.47348484848484407 1 0.48863636363635921 1 0.50378787878787434 1 0.51893939393938948 1 0.53409090909090473 1 0.54924242424241987 1 0.56439393939393501 1 0.57954545454545014 1 0.59469696969696528 1 0.60984848484848042 1 0.62499999999999556 1 0.6401515151515107 1 0.65530303030302584 1 0.67045454545454097 1 0.68560606060605622 1 0.70075757575757136 1 0.7159090909090865 1 0.73106060606060164 1 0.74621212121211677 1 0.76136363636363191 1 0.77651515151514705 1 0.7916666666666623 1 0.80681818181817744 1 0.82196969696969258 1 0.83712121212120771 1 0.85227272727272285 1 0.86742424242423799 1 0.88257575757575313 1 0.89772727272726827 1 0.9128787878787834 1 0.92803030303029865 1 0.94318181818181379 1 0.95833333333332893 1 0.97348484848484407 1 0.98863636363635921 1 1.0037878787878745 1 1.0189393939393896 1 1.0340909090909047 1 1.0492424242424199 1 1.064393939393935 1 1.0795454545454501 1 1.0946969696969653 1 1.1098484848484804 1 1.1249999999999956 4
1 9.4093927384319347 1018 -1 0 
1 7.3457680807136194 1018 0 -1 
1 7.3457680807136301 988.6565526831364 -1 0 
1 7.3149976360387408 988.6565526831364 0 1 
1 7.3149976360387408 1018 -1 0 
1 5.2513729783204317 1018 0 -1 
1 11.534558285500019 0 0 1 
1 5.2513729783204326 0 0 1 
1 3.1415926535897931 568 1 0 
1 9.4247779607693793 568 1 0 
1 11.534558285500019 988.6565526831364 -1 0 
1 11.503787840825133 988.6565526831364 0 1 
1 11.50378784082513 1018 -1 0 
1 9.440163183106824 1018 0 -1 
1 9.440163183106824 988.6565526831364 -1 0 
1 9.4093927384319347 988.6565526831364 0 1 
1 5.6776153568075376 828 1 0 
1 6.8887552575516295 828 0 -1 
1 6.8887552575516349 763 -1 0 
1 5.677615356807534 763 0 1 
7 0 0  3 69 67  0.47972863767575452 784  0.48067042427262041 784.0000000000033  0.48254161139484508 784.02372303559332  0.48531166953451998 784.13099062214576  0.48804287353203951 784.31015819303423  0.49074207723164021 784.56248211279376  0.49338274980556646 784.88535806758773  0.49589982231409829 785.2735391863597  0.49830313381236857 785.73018467463567  0.50058637166105535 786.25711184000318  0.50273615331412669 786.85346544014146  0.50467756596244617 787.50375120076501  0.50641140873589985 788.21217540826797  0.50792138772612838 788.97819448710766  0.5091951167420965 789.80346591880868  0.51016902996098601 790.66023839745151  0.51084191289139658 791.54399699060275  0.51120149757236089 792.44581094723833  0.51123667702187081 793.35912072084045  0.51093977961385073 794.26773793321286  0.51032822969906211 795.16025591264395  0.50941578652096364 796.02524853820432  0.50821483156515102 796.85019413903171  0.50675021455508829 797.62816923097353  0.50504468345904874 798.35526684583022  0.50312164617939514 799.02633828317516  0.50099794519818197 799.63755019256746  0.4987205130033468 800.18024982179338  0.49631217087136531 800.65357388138648  0.49379082393775409 801.05713878954373  0.4911757034270709 801.39043405989264  0.48848564821765877 801.65297711654136  0.48573973050534169 801.8443006462702  0.48295646386483188 801.96384837473272  0.48015633636171545 802.01140460930742  0.47735246050505259 801.98548029182018  0.47455984095683013 801.88574365894385  0.47180085649761438 801.71313621021648  0.46909591860052052 801.4682592224699  0.46646597223382275 801.15180160049442  0.46393182351756768 800.76444195995805  0.4615143182700428 800.30681244510038  0.45923429154036233 799.77974137497313  0.45711258446614522 799.18331884072325  0.45517612550409559 798.52220734461321  0.45344997673459581 797.80284231541214  0.45195919792258821 797.03143764109564  0.45073035047460153 796.21345955589186  0.44977947011753983 795.3530399400745  0.44911964377420915 794.46394678473678  0.44876390717277964 793.5578202542207  0.44872843789510469 792.64766981752939  0.44901159921238576 791.73944490522149  0.44960293868676027 790.84444237335981  0.45049317103864361 789.9735623496988  0.45167686366077692 789.13732507500868  0.45312624811281277 788.34974876533659  0.45481529952880018 787.61553370071704  0.45671986729280062 786.94009106232807  0.45881652929543304 786.32871354135295  0.46107614031286875 785.78653309633751  0.46347772902554674 785.31402793941083  0.46600103912755592 784.91206273889043  0.46862562344037717 784.58139861243183  0.47133108778332633 784.32282442403937  0.47409702757112876 784.13712160296257  0.47690304591101784 784.02507357122852  0.47878685159921008 783.99999999999693  0.47972863767575452 784 
 0 4 0.015151515151515152 1 0.030303030303030304 1 0.045454545454545456 1 0.060606060606060608 1 0.07575757575757576 1 0.090909090909090912 1 0.10606060606060606 1 0.12121212121212122 1 0.13636363636363635 1 0.15151515151515152 1 0.16666666666666669 1 0.18181818181818182 1 0.19696969696969696 1 0.21212121212121213 1 0.22727272727272729 1 0.24242424242424243 1 0.25757575757575757 1 0.27272727272727271 1 0.2878787878787879 1 0.30303030303030304 1 0.31818181818181818 1 0.33333333333333337 1 0.34848484848484851 1 0.36363636363636365 1 0.37878787878787878 1 0.39393939393939392 1 0.40909090909090912 1 0.42424242424242425 1 0.43939393939393939 1 0.45454545454545459 1 0.46969696969696972 1 0.48484848484848486 1 0.5 1 0.51515151515151514 1 0.53030303030303028 1 0.54545454545454541 1 0.56060606060606066 1 0.5757575757575758 1 0.59090909090909094 1 0.60606060606060608 1 0.62121212121212122 1 0.63636363636363635 1 0.65151515151515149 1 0.66666666666666674 1 0.68181818181818188 1 0.69696969696969702 1 0.71212121212121215 1 0.72727272727272729 1 0.74242424242424243 1 0.75757575757575757 1 0.77272727272727271 1 0.78787878787878785 1 0.80303030303030309 1 0.81818181818181823 1 0.83333333333333337 1 0.84848484848484851 1 0.86363636363636365 1 0.87878787878787878 1 0.89393939393939392 1 0.90909090909090917 1 0.92424242424242431 1 0.93939393939393945 1 0.95454545454545459 1 0.96969696969696972 1 0.98484848484848486 1 1 4
7 0 0  3 69 67  5.8034566695038317 784  5.8043985987978663 783.99999999999841  5.8062704242354632 784.02375678768794  5.809041665865001 784.13175727817315  5.8117732565303744 784.31288827928483  5.8144716925607618 784.56906909738836  5.8171076141919666 784.89793236437345  5.8196122059311559 785.29376068648037  5.8219969958126692 785.76024694060823  5.8242561837838585 786.29941535356204  5.8263763994147073 786.91096332326833  5.8282776905453497 787.57749849896516  5.8299614480426962 788.30087298404374  5.8314107035769762 789.07830294607038  5.832612679491306 789.90919976475004  5.8335224493504096 790.77374406498234  5.8341367464090315 791.66367743499973  5.8344450792873035 792.56877665517993  5.8344368817932555 793.47940111328944  5.8341089141920177 794.38616783773318  5.8334756718143508 795.27707185429483  5.8325489059014863 796.14080535582627  5.8313391227543372 796.96481225780792  5.8298669644428207 797.74203734913056  5.8281548305285984 798.46779597839009  5.8262252719788714 799.13628603144036  5.8240955079612515 799.7428844883508  5.8218076005554078 800.27861666398519  5.8193853973610885 800.74290338703918  5.8168485536545349 801.13550063837533  5.8142178674365388 801.4560742934566  5.8115137555951382 801.7043154972655  5.8087570077865545 801.87990442208434  5.8059672862347966 801.98253986145608  5.8031683627847572 802.01185709662309  5.8003686605182851 801.96772683668325  5.797580517821844 801.85130740065347  5.7948305943652549 801.66338253025845  5.7921450172970861 801.40528650255123  5.7895377338083813 801.07652603054009  5.7870122255814582 800.67649586501466  5.7846015777393962 800.20842487970447  5.7823324542671992 799.67506621677421  5.7802288938643809 799.07740706298341  5.778298729235714 798.41391272757119  5.776576499878904 797.69304202533965  5.7750901733842808 796.9211756049167  5.7738711510053653 796.10438984788539  5.7729326174081352 795.24319998960266  5.7722913282285333 794.35288269909427  5.7719625841834619 793.44564456307887  5.7719660459891635 792.53528637678255  5.7722978722756588 791.62933454529139  5.7729458146698329 790.73835885151277  5.7738983363772016 789.87312315668294  5.7751502720116248 789.04291462715298  5.7766599588127461 788.26621252989639  5.77840060485621 787.5457846715359  5.7803475247599829 786.8852547421701  5.7824757188225515 786.28812540371268  5.7847590347952282 785.75752078592029  5.7871781926526724 785.29425959813932  5.7897137129389193 784.89942817305814  5.7923461703418759 784.57404113385701  5.7950561268635195 784.31913231827514  5.7978241515932014 784.13573041541099  5.8006308164597629 784.02486549438993  5.8025147406952726 783.99999999999898  5.8034566695038317 784 
 0 4 0.015151515151515152 1 0.030303030303030304 1 0.045454545454545456 1 0.060606060606060608 1 0.07575757575757576 1 0.090909090909090912 1 0.10606060606060606 1 0.12121212121212122 1 0.13636363636363635 1 0.15151515151515152 1 0.16666666666666669 1 0.18181818181818182 1 0.19696969696969696 1 0.21212121212121213 1 0.22727272727272729 1 0.24242424242424243 1 0.25757575757575757 1 0.27272727272727271 1 0.2878787878787879 1 0.30303030303030304 1 0.31818181818181818 1 0.33333333333333337 1 0.34848484848484851 1 0.36363636363636365 1 0.37878787878787878 1 0.39393939393939392 1 0.40909090909090912 1 0.42424242424242425 1 0.43939393939393939 1 0.45454545454545459 1 0.46969696969696972 1 0.48484848484848486 1 0.5 1 0.51515151515151514 1 0.53030303030303028 1 0.54545454545454541 1 0.56060606060606066 1 0.5757575757575758 1 0.59090909090909094 1 0.60606060606060608 1 0.62121212121212122 1 0.63636363636363635 1 0.65151515151515149 1 0.66666666666666674 1 0.68181818181818188 1 0.69696969696969702 1 0.71212121212121215 1 0.72727272727272729 1 0.74242424242424243 1 0.75757575757575757 1 0.77272727272727271 1 0.78787878787878785 1 0.80303030303030309 1 0.81818181818181823 1 0.83333333333333337 1 0.84848484848484851 1 0.86363636363636365 1 0.87878787878787878 1 0.89393939393939392 1 0.90909090909090917 1 0.92424242424242431 1 0.93939393939393945 1 0.95454545454545459 1 0.96969696969696972 1 0.98484848484848486 1 1 4
1 3.1415926535897931 -1864.0366830855664 1 0 
1 9.4247779607693793 0 0 1 
1 3.1415926535897931 0 0 1 
1 9.4247779607693793 -1810.8575422170829 -1 0 
1 3.1415926535897931 -1495.3616883653829 1 0 
1 9.4247779607693793 0 0 1 
1 3.1415926535897931 0 0 1 
1 9.4247779607693793 -1435.3422938455174 -1 0 
1 3.1415926535897931 -1164.3817189282445 1 0 
1 9.4247779607693793 0 0 1 
1 3.1415926535897931 0 0 1 
1 9.4247779607693793 -1104.4316408364512 -1 0 
1 3.1415926535897931 -871.87342258600097 1 0 
1 9.4247779607693793 0 0 1 
1 3.1415926535897931 0 0 1 
1 9.4247779607693793 -821.98087079978166 -1 0 
1 3.1415926535897931 -651.09323145067799 1 0 
1 9.4247779607693793 0 0 1 
1 3.1415926535897931 0 0 1 
1 9.4247779607693793 -601.04464015826045 -1 0 
1 3.1415926535897931 -393.32972692136184 1 0 
1 9.4247779607693793 0 0 1 
1 3.1415926535897931 0 0 1 
1 9.4247779607693793 -360.60009846180566 -1 0 
1 9.4247779607693793 -174.56160349124104 -1 0 
1 9.4247779607693793 0 0 1 
1 3.1415926535897931 0 0 1 
1 9.4247779607693793 -87.28080174561957 -1 0 
Curves 220
2 26700 19500 14666.999999999996 3.6918843679096223e-16 1 1.6339846117038427e-16 0.2057613168724248 8.393739587150825e-17 -0.97860220747703486 -0.97860220747703486 3.9490970176397744e-16 -0.2057613168724248 24.300000000000004
1 26695 19500 14643.219966358303 0 0 -1 
1 26695 19500 14620.296510065771 1 0 0 
1 26705 19500 14620.296510065771 0 0 1 
2 26700 19505 14666.999999999996 -3.6918843679096464e-16 -1 -1.6339846117038427e-16 -0.20576131687243107 2.3586679372787157e-16 -0.97860220747703353 0.97860220747703353 -3.276675366732862e-16 -0.20576131687243107 24.300000000000008
1 26705 19505 14643.219966358303 0 0 -1 
1 26705 19505 14616.999999999998 -1 0 0 
1 26695 19505 14616.999999999998 0 0 1 
1 26705 18852 14342.763039740024 0 0 -1 
1 26705 18852 14342.038463814559 0 -1 0 
1 26705 18822.656552683136 14342.038463814559 0 0 -1 
1 26705 18822.656552683136 14337.763039740024 0 1 0 
1 26705 18853.683183110101 14337.763039740024 0 0.91909332572279157 0.3940399200738659 
1 26705 19505 14616.999999999998 0 0 1 
1 26705 19505 14643.219966358303 0 -1 0 
1 26705 19500 14643.219966358303 0 0 -1 
1 26705 19500 14620.296510065771 0 -0.91909332572279234 -0.3940399200738639 
1 26705 18852.656552683136 14342.763039740024 0 -1 0 
1 26695 18822.656552683136 14342.038463814559 0 1 0 
1 26695 18852 14342.038463814559 0 0 1 
1 26695 18852 14342.763039740024 0 1 0 
1 26695 18852.656552683136 14342.763039740024 0 0.91909332572279234 0.3940399200738639 
1 26695 19500 14620.296510065771 0 0 1 
1 26695 19500 14643.219966358303 0 1 0 
1 26695 19505 14643.219966358303 0 0 -1 
1 26695 19505 14616.999999999998 0 -0.91909332572279157 -0.3940399200738659 
1 26695 18853.683183110101 14337.763039740024 0 -1 0 
1 26695 18822.656552683136 14337.763039740024 0 0 1 
1 26705 18822.656552683136 14337.763039740024 0 0 1 
2 26700 18822.656552683136 14666.999999999996 3.6918843679096785e-16 1 1.6339846116947654e-16 0.015384615384615391 1.5769930082466142e-16 -0.99988164980134897 -0.99988164980134897 3.7165856574566438e-16 -0.015384615384615391 324.99999999999994
1 26695 18822.656552683136 14342.038463814559 0 0 -1 
1 26695 18822.656552683136 14337.763039740024 1 0 0 
1 26695 18852.656552683136 14342.763039740024 0 -1 0 
1 26695 18852 14342.763039740024 1 0 0 
1 26705 18852 14342.763039740024 0 1 0 
1 26705 18852.656552683136 14342.763039740024 -1 0 0 
1 26695 19500 14620.296510065771 0 -0.91909332572279234 -0.3940399200738639 
1 26695 18852.656552683136 14342.763039740024 1 0 0 
1 26705 18852.656552683136 14342.763039740024 0 0.91909332572279234 0.3940399200738639 
1 26705 19500 14620.296510065771 -1 0 0 
1 26695 18853.683183110101 14337.763039740024 0 0.91909332572279157 0.3940399200738659 
1 26695 19505 14616.999999999998 1 0 0 
1 26705 19505 14616.999999999998 0 -0.91909332572279157 -0.3940399200738659 
1 26705 18853.683183110101 14337.763039740024 -1 0 0 
1 26695 18822.656552683136 14337.763039740024 0 1 0 
1 26695 18853.683183110101 14337.763039740024 1 0 0 
1 26705 18853.683183110101 14337.763039740024 0 -1 0 
1 26705 18822.656552683136 14337.763039740024 -1 0 0 
2 26700 19505 14666.999999999996 -3.6918843679096164e-16 -1 -1.6339846117037352e-16 -0.74461371343843041 1.6583501389060692e-16 0.66749563126617628 -0.66749563126617628 3.6810040361415276e-16 -0.74461371343843041 24.29999999999999
1 26676.905886763445 19505 14674.55988980192 -0.86602540378442106 0 0.50000000000003064 
1 26654.198729810778 19505 14687.669872981074 0.49999999999994282 0 0.86602540378447168 
1 26659.198729810778 19505 14696.33012701892 0.86602540378442106 0 -0.50000000000003064 
2 26700 19500 14666.999999999996 3.6918843679098545e-16 1 1.6339846117041479e-16 -0.95037503031085691 3.0003313599280126e-16 0.31110657621085103 0.31110657621085103 -2.7014676803426004e-16 0.95037503031085691 24.300000000000008
1 26681.905886763445 19500 14683.220143839766 -0.86602540378442827 0 0.50000000000001821 
1 26662.053591271568 19500 14694.681871986031 -0.49999999999994282 0 -0.86602540378447168 
1 26657.053591271571 19500 14686.021617948187 0.86602540378442827 0 -0.50000000000001821 
1 26662.053591271568 19500 14694.681871986031 0.86602540378442827 0 -0.50000000000001821 
1 26681.905886763445 19500 14683.220143839766 0 1 0 
1 26681.905886763445 19505 14683.220143839766 -0.86602540378442106 0 0.50000000000003064 
1 26659.198729810778 19505 14696.33012701892 -0.34124858088915588 -0.91909332572279223 0.19701996003693312 
1 26417.372428550094 18853.683183110101 14835.948607148905 0 -1 0 
1 26417.372428550094 18822.656552683136 14835.948607148905 0.86602540378456294 0 -0.49999999999978467 
1 26421.075054410594 18822.656552683136 14833.810895111637 0 1 0 
1 26421.075054410594 18852 14833.810895111637 0.86602540378485227 0 -0.49999999999928363 
1 26421.70255556902 18852 14833.448607148905 0 1 0 
1 26421.70255556902 18852.656552683136 14833.448607148905 0.34124858088915511 0.91909332572279245 -0.19701996003693323 
1 26676.905886763445 19505 14674.55988980192 0 -1 0 
1 26676.905886763445 19500 14674.55988980192 -0.86602540378442827 0 0.50000000000001821 
1 26657.053591271571 19500 14686.021617948187 -0.34124858088915511 -0.91909332572279245 0.19701996003693323 
1 26416.702555569016 18852.656552683136 14824.78835311106 0 -1 0 
1 26416.702555569016 18852 14824.78835311106 -0.86602540378485227 0 0.49999999999928363 
1 26416.075054410594 18852 14825.150641073795 0 -1 0 
1 26416.075054410594 18822.656552683136 14825.150641073795 -0.86602540378456294 0 0.49999999999978467 
1 26412.372428550098 18822.656552683136 14827.28835311106 0 1 0 
1 26412.372428550098 18853.683183110101 14827.28835311106 0.34124858088915588 0.91909332572279223 -0.19701996003693312 
1 26654.198729810778 19505 14687.669872981074 0.86602540378442106 0 -0.50000000000003064 
1 26421.70255556902 18852.656552683136 14833.448607148905 0 -1 0 
1 26421.70255556902 18852 14833.448607148905 -0.49999999999994282 0 -0.86602540378447168 
1 26416.702555569016 18852 14824.78835311106 0 1 0 
1 26416.702555569016 18852.656552683136 14824.78835311106 0.49999999999994282 0 0.86602540378447168 
1 26412.372428550098 18822.656552683136 14827.28835311106 0.86602540378456294 0 -0.49999999999978467 
2 26700 18822.656552683136 14666.999999999996 3.6918843678985472e-16 1 1.6339846117102695e-16 -0.8736152171981717 2.4301610905577675e-16 0.4866173571501447 0.4866173571501447 -3.2240088354684609e-16 0.8736152171981717 325.00000000000006
1 26421.075054410594 18822.656552683136 14833.810895111637 -0.86602540378456294 0 0.49999999999978467 
1 26417.372428550094 18822.656552683136 14835.948607148905 -0.49999999999994282 0 -0.86602540378447168 
1 26412.372428550098 18853.683183110101 14827.28835311106 0 -1 0 
1 26412.372428550098 18822.656552683136 14827.28835311106 0.49999999999994282 0 0.86602540378447168 
1 26417.372428550094 18822.656552683136 14835.948607148905 0 1 0 
1 26417.372428550094 18853.683183110101 14835.948607148905 -0.49999999999994282 0 -0.86602540378447168 
1 26654.198729810778 19505 14687.669872981074 -0.34124858088915588 -0.91909332572279223 0.19701996003693312 
1 26412.372428550098 18853.683183110101 14827.28835311106 0.49999999999994282 0 0.86602540378447168 
1 26417.372428550098 18853.683183110101 14835.948607148905 0.34124858088915588 0.91909332572279223 -0.19701996003693312 
1 26659.198729810778 19505 14696.33012701892 -0.49999999999994282 0 -0.86602540378447168 
1 26416.702555569016 18852.656552683136 14824.78835311106 0.34124858088915527 0.91909332572279301 -0.19701996003693084 
1 26657.053591271571 19500 14686.021617948187 0.49999999999994282 0 0.86602540378447168 
1 26662.053591271568 19500 14694.681871986033 -0.34124858088915527 -0.91909332572279301 0.19701996003693084 
1 26421.70255556902 18852.656552683136 14833.448607148905 -0.49999999999994282 0 -0.86602540378447168 
2 26700 19505 14666.999999999996 -3.6918843679095064e-16 -1 -1.633984611704141e-16 0.9503750303108558 -4.0170180761846691e-16 0.31110657621085402 -0.31110657621085402 -4.043286694090955e-17 0.9503750303108558 24.300000000000001
1 26718.094113236551 19505 14683.220143839766 0.86602540378442106 0 0.50000000000003064 
1 26740.801270189222 19505 14696.33012701892 0.49999999999994282 0 -0.86602540378447168 
1 26745.801270189222 19505 14687.669872981074 -0.86602540378442106 0 -0.50000000000003064 
2 26700 19500 14666.999999999996 3.691884367909468e-16 1 1.6339846117042071e-16 0.74461371343842819 -3.8397053186430749e-16 0.66749563126617872 0.66749563126617872 -1.2476293372971495e-16 -0.74461371343842819 24.300000000000004
1 26723.094113236551 19500 14674.55988980192 0.86602540378442827 0 0.50000000000001821 
1 26742.946408728432 19500 14686.021617948187 -0.49999999999994282 0 0.86602540378447168 
1 26737.946408728429 19500 14694.681871986031 -0.86602540378442827 0 -0.50000000000001821 
1 26742.946408728432 19500 14686.021617948187 -0.86602540378442827 0 -0.50000000000001821 
1 26723.094113236551 19500 14674.55988980192 0 1 0 
1 26723.094113236551 19505 14674.55988980192 0.86602540378442106 0 0.50000000000003064 
1 26745.801270189222 19505 14687.669872981074 0.34124858088915588 -0.91909332572279223 0.19701996003693312 
1 26987.627571449902 18853.683183110101 14827.28835311106 0 -1 0 
1 26987.627571449902 18822.656552683136 14827.28835311106 -0.86602540378456294 0 -0.49999999999978467 
1 26983.924945589402 18822.656552683136 14825.150641073795 0 1 0 
1 26983.924945589402 18852 14825.150641073795 -0.86602540378485227 0 -0.49999999999928363 
1 26983.29744443098 18852 14824.78835311106 0 1 0 
1 26983.29744443098 18852.656552683136 14824.78835311106 -0.34124858088915511 0.91909332572279245 -0.19701996003693323 
1 26718.094113236551 19505 14683.220143839766 0 -1 0 
1 26718.094113236551 19500 14683.220143839766 0.86602540378442827 0 0.50000000000001821 
1 26737.946408728429 19500 14694.681871986031 0.34124858088915511 -0.91909332572279245 0.19701996003693323 
1 26978.29744443098 18852.656552683136 14833.448607148905 0 -1 0 
1 26978.297444430984 18852 14833.448607148905 0.86602540378485227 0 0.49999999999928363 
1 26978.924945589406 18852 14833.810895111637 0 -1 0 
1 26978.924945589406 18822.656552683136 14833.810895111637 0.86602540378456294 0 0.49999999999978467 
1 26982.627571449902 18822.656552683136 14835.948607148905 0 1 0 
1 26982.627571449902 18853.683183110101 14835.948607148905 -0.34124858088915588 0.91909332572279223 -0.19701996003693312 
1 26740.801270189222 19505 14696.33012701892 -0.86602540378442106 0 -0.50000000000003064 
1 26983.29744443098 18852.656552683136 14824.78835311106 0 -1 0 
1 26983.29744443098 18852 14824.78835311106 -0.49999999999994282 0 0.86602540378447168 
1 26978.29744443098 18852 14833.448607148905 0 1 0 
1 26978.29744443098 18852.656552683136 14833.448607148905 0.49999999999994282 0 -0.86602540378447168 
1 26982.627571449902 18822.656552683136 14835.948607148905 -0.86602540378456294 0 -0.49999999999978467 
2 26700 18822.656552683136 14666.999999999996 3.6918843679116285e-16 1 1.6339846117049686e-16 -0.51326429265120443 4.9257682198855569e-17 0.85823060181355626 0.85823060181355626 -4.0071540988285615e-16 0.51326429265120443 325.00000000000006
1 26983.924945589402 18822.656552683136 14825.150641073795 0.86602540378456294 0 0.49999999999978467 
1 26987.627571449902 18822.656552683136 14827.28835311106 -0.49999999999994282 0 0.86602540378447168 
1 26982.627571449902 18853.683183110101 14835.948607148905 0 -1 0 
1 26982.627571449902 18822.656552683136 14835.948607148905 0.49999999999994282 0 -0.86602540378447168 
1 26987.627571449902 18822.656552683136 14827.28835311106 0 1 0 
1 26987.627571449902 18853.683183110101 14827.28835311106 -0.49999999999994282 0 0.86602540378447168 
1 26740.801270189222 19505 14696.33012701892 0.34124858088915588 -0.91909332572279223 0.19701996003693312 
1 26982.627571449902 18853.683183110101 14835.948607148905 0.49999999999994282 0 -0.86602540378447168 
1 26987.627571449902 18853.683183110101 14827.28835311106 -0.34124858088915588 0.91909332572279223 -0.19701996003693312 
1 26745.801270189222 19505 14687.669872981074 -0.49999999999994282 0 0.86602540378447168 
1 26978.29744443098 18852.656552683136 14833.448607148905 -0.34124858088915527 0.91909332572279301 -0.19701996003693084 
1 26737.946408728429 19500 14694.681871986033 0.49999999999994282 0 -0.86602540378447168 
1 26742.946408728432 19500 14686.021617948187 0.34124858088915527 -0.91909332572279301 0.19701996003693084 
1 26983.29744443098 18852.656552683136 14824.78835311106 -0.49999999999994282 0 0.86602540378447168 
1 26884.999999999996 18596.999999999996 14934.207784317743 0 1 0 
1 26884.999999999996 18662 14934.207784317743 0 0 1 
1 26884.999999999996 18662 15041.999999999996 0 -1 0 
1 26884.999999999996 18596.999999999996 15041.999999999996 0 0 -1 
2 26700 18662 14666.999999999996 -3.6918843679096785e-16 -1 -1.6339846117038937e-16 0.56923076923076943 -3.4449600485107189e-16 0.82217779790076229 -0.82217779790076229 2.1052710422807798e-16 0.56923076923076943 324.99999999999994
1 26515 18662 14934.207784317743 0 0 1 
1 26515 18662 15041.999999999996 1 0 0 
1 26884.999999999996 18662 15041.999999999996 0 0 -1 
1 26515 18662 14934.207784317743 0 -1 0 
1 26515 18597 14934.207784317743 0 0 1 
1 26515 18597 15041.999999999996 0 1 0 
1 26515 18662 15041.999999999996 0 0 -1 
2 26700 18597 14666.999999999996 3.6918843679096785e-16 1 1.6339846117038427e-16 -0.56923076923076943 7.581083088018815e-17 0.82217779790076229 0.82217779790076229 -3.9654996771436458e-16 0.56923076923076943 324.99999999999994
1 26884.999999999996 18596.999999999996 14934.207784317743 0 0 1 
1 26884.999999999996 18596.999999999996 15041.999999999996 -1 0 0 
1 26515 18597 15041.999999999996 0 0 -1 
7 0 1  3 27 14  26850 18618 14955.314064866765  26851.120062747428 18618 14954.731334321896  26852.206522426575 18618.201901322333 14954.157795366336  26854.31179637618 18619.019793638548 14953.03198144264  26855.273982662613 18619.613782157361 14952.509974529929  26856.988378826474 18621.209173761701 14951.570912360039  26857.691478980822 18622.166449777778 14951.180816236627  26858.708472871345 18624.414548992503 14950.614103138261  26858.985900919532 18625.648985944281 14950.458080764953  26859.013044290979 18628.156151773444 14950.442854888708  26858.756310891993 18629.413437662613 14950.58726569817  26857.793959772996 18631.663888168197 14951.123863435223  26857.093687433637 18632.662656224489 14951.512755124208  26854.550790378893 18635.113853253471 14952.906962197007  26852.343180856893 18635.968785101148 14954.093749131905  26847.903054635819 18636.02953060011 14956.406205831187  26845.640376033341 18635.217372520234 14957.54708722973  26843.043217070881 18632.82975594205 14958.829694012131  26842.312764060691 18631.838171984862 14959.185548005542  26841.299108458017 18629.606912142055 14959.677090368996  26841.014848380109 18628.352631579768 14959.813614415243  26840.986323310299 18625.852744859862 14959.827349969273  26841.239299621015 18624.59373176653 14959.70591995914  26842.21740349145 18622.312656453079 14959.231937817738  26842.932673936222 18621.3032225514 14958.883817115016  26845.501943104231 18618.85328482608 14957.616297618802  26847.759874505147 18618 14956.479525956509 
 0.12499999999999867 3 0.18749999999999978 2 0.25000000000000089 2 0.312500000000002 2 0.37500000000000311 2 0.43750000000000422 2 0.50000000000000533 2 0.625000000000004 2 0.75000000000000266 2 0.812500000000002 2 0.87500000000000133 2 0.93750000000000067 2 1 2 1.1249999999999987 3
7 0 1  3 29 15  26549.999999999996 18618 14955.314064866765  26551.120232465597 18618 14955.896883710227  26552.214536567033 18618.20219622309 14956.457905236628  26554.342700317684 18619.034670285888 14957.534633314739  26555.31526837256 18619.640319807739 14958.019345559382  26557.045854119729 18621.275237111618 14958.873334224896  26557.749793758692 18622.259862771105 14959.215985286906  26558.74084378079 18624.524953687123 14959.696351219362  26559.003316695995 18625.773728366788 14959.822361357674  26558.996618741152 18628.274482198063 14959.819136135919  26558.724290185259 18629.529684627134 14959.688369555082  26557.725746769494 18631.777591485567 14959.204285944224  26557.003398083663 18632.776193377031 14958.85255223738  26554.394722439825 18635.205753668328 14957.564734224577  26552.13380284479 18636.020099941717 14956.425007316959  26548.808367479753 18635.989373800297 14954.693677435311  26547.695010605268 18635.771287218708 14954.105511400556  26545.620147142643 18634.941369184889 14952.99518440499  26544.636763928473 18634.319729723033 14952.461348644143  26542.95755360242 18632.7224726399 14951.541010615012  26542.245307918467 18631.727012310708 14951.145683941191  26541.26863453761 18629.498629990037 14950.601245051201  26540.998680984128 18628.240548858448 14950.44943209242  26541.001329112667 18625.740385869747 14950.450917547225  26541.269456369038 18624.488263593823 14950.601733748654  26542.271283431008 18622.225258953371 14951.160132383346  26542.986943754349 18621.240256025172 14951.557265447727  26545.533900913932 18618.846203755656 14952.952745809323  26547.759535068806 18618 14954.148427179844 
 0.12499999999999556 3 0.18749999999999778 2 0.24999999999999978 2 0.312500000000002 2 0.37500000000000411 2 0.43750000000000622 2 0.50000000000000844 2 0.62500000000000722 2 0.687500000000006 2 0.75000000000000477 2 0.81250000000000366 2 0.87500000000000244 2 0.93750000000000122 2 1 2 1.1249999999999956 3
1 26884.999999999996 18596.999999999996 15041.999999999996 0 1 0 
1 26884.999999999996 18662 15041.999999999996 -1 0 0 
1 26515 18662 15041.999999999996 0 -1 0 
1 26515 18597 15041.999999999996 1 0 0 
2 26849.999999999996 18627 15041.999999999996 1.4101127503911781e-32 6.123233995736766e-17 -1 -1 2.9699412463058947e-16 4.0845177008092925e-33 2.9699412463058947e-16 1 6.123233995736766e-17 9.0000000000000071
2 26550 18627 15041.999999999996 1.4101127503911781e-32 6.123233995736766e-17 -1 -1 2.9699412463058947e-16 4.0845177008092925e-33 2.9699412463058947e-16 1 6.123233995736766e-17 9.0000000000000071
2 26700 18852 14666.999999999996 -3.6918843679096785e-16 -1 -1.6339846117038427e-16 0.015384615384615387 1.5769930082556905e-16 -0.99988164980134897 0.99988164980134897 -3.7165856574567833e-16 0.015384615384615387 324.99999999999994
1 26983.924945589402 18852 14825.150641073795 0 -1 0 
2 26700 18822.656552683136 14666.999999999996 -3.6918843679096785e-16 -1 -1.6339846117038427e-16 0.8736152171981717 -4.0204116373132782e-16 0.4866173571501447 -0.4866173571501447 3.690611925640174e-17 0.8736152171981717 325.00000000000006
1 26978.924945589406 18822.656552683136 14833.810895111637 0 1 0 
2 26700 18852 14666.999999999996 -3.6918843679096785e-16 -1 -1.6339846117038427e-16 0.85823060181355626 -4.0071540988263103e-16 0.51326429265120443 -0.51326429265120443 4.9257682198852112e-17 0.85823060181355626 325
1 26421.075054410594 18852 14833.810895111637 0 -1 0 
7 0 0  1 2 2  26421.075054410594 18402 14833.810895111637  26421.075054410594 18822.65655268314 14833.810895111637 
 568 2 988.65655268314003 2
2 26700 18402 14666.999999999996 3.6918843679096785e-16 1 1.6339846117038427e-16 5.1819678087541912e-32 1.6339846117038427e-16 -1 -1 3.6918843679096785e-16 8.5051443660019157e-33 325
2 26700 18822.656552683136 14666.999999999996 -3.6918843679096785e-16 -1 -1.6339846117038427e-16 -0.85823060181355626 2.3298221869680586e-16 0.51326429265120443 -0.51326429265120443 3.297248015301879e-16 -0.85823060181355626 325
1 26416.075054410594 18822.656552683136 14825.150641073795 0 1 0 
2 26700 18852 14666.999999999996 -3.6918843679096785e-16 -1 -1.6339846117038427e-16 -0.8736152171981717 2.4301610905706195e-16 0.4866173571501447 -0.4866173571501447 3.2240088354682632e-16 -0.8736152171981717 324.99999999999994
1 26695 18852 14342.038463814559 0 -1 0 
2 26700 18822.656552683136 14666.999999999996 -3.6918843679096785e-16 -1 -1.6339846117038427e-16 -0.015384615384615387 1.6905894503452193e-16 -0.99988164980134897 0.99988164980134897 -3.6663092078658961e-16 -0.015384615384615387 324.99999999999994
1 26705 18822.656552683136 14342.038463814559 0 1 0 
2 26700 18662 14666.999999999996 3.6918843679096785e-16 1 1.6339846117038427e-16 -0.56923076923076943 7.581083088018815e-17 0.82217779790076229 0.82217779790076229 -3.9654996771436458e-16 0.56923076923076943 324.99999999999994
1 26884.999999999996 18662 14934.207784317743 0 -1 0 
2 26700 18597 14666.999999999996 -3.6918843679096785e-16 -1 -1.6339846117038427e-16 0.56923076923076943 -3.4449600485106765e-16 0.82217779790076229 -0.82217779790076229 2.1052710422808089e-16 0.56923076923076943 325
1 26515 18597 14934.207784317743 0 1 0 
