DBRep_DrawableShape

CASCADE Topology V1, (c) Matra-Datavision
Locations 0
Curve2ds 98
1 0 3.637978807091713e-12 0 1 
1 1.5707963267948966 116.33444053895801 0 -1 
1 1.5707963267948966 0 4.695339794346249e-16 1 
1 3.1415926535898522 116.33444053895801 -1 0 
1 0 0 1 0 
1 0 0 0 1 
1 3.1415926535897984 116.33444053895801 -1 0 
1 0 116.33444053895801 0 -1 
1 0 0 1 0 
1 1.5707963267949034 3.637978807091713e-12 0 1 
1 3.1415926535897927 116.33444053896528 -1 -2.3160092400488047e-12 
1 0 0 1 2.3160092400488047e-12 
1 1.5707963267948422 116.33444053895801 4.6762530472147602e-16 -1 
7 0 0  3 25 23  0 0  8.8817841970012523e-16 1.762643038469428  8.8817841970012523e-16 5.2879291154094128  -3.5527136788005009e-15 10.575858230819899  -8.8817841970012523e-16 15.863787346224965  -2.6645352591003757e-15 21.151716461629363  0 26.439645577041865  -3.5527136788005009e-15 31.727574692444414  -2.6645352591003757e-15 37.015503807856895  -2.6645352591003757e-15 42.30343292326139  0 47.59136203866607  0 52.879291154077983  -3.5527136788005009e-15 58.167220269482669  -8.8817841970012523e-16 63.455149384887278  -3.5527136788005009e-15 68.74307850029922  -3.5527136788005009e-15 74.031007615703871  1.7763568394002505e-15 79.31893673110838  -3.5527136788005009e-15 84.606865846520861  -3.5527136788005009e-15 89.894794961923409  8.8817841970012523e-16 95.182724077335891  -8.8817841970012523e-16 100.4706531927404  1.7763568394002505e-15 105.75858230814505  -4.4408920985006262e-15 111.04651142355719  -2.6645352591003757e-15 114.57179750049301  0 116.33444053895801 
 0 4 5.2879291154071817 1 10.575858230814363 1 15.863787346221546 1 21.151716461628727 1 26.439645577035908 1 31.727574692443092 1 37.015503807850273 1 42.303432923257454 1 47.591362038664634 1 52.879291154071815 1 58.167220269478996 1 63.455149384886184 1 68.743078500293365 1 74.031007615700545 1 79.318936731107726 1 84.606865846514907 1 89.894794961922088 1 95.182724077329269 1 100.47065319273645 1 105.75858230814363 1 111.04651142355081 1 116.33444053895801 4
1 3.1415926535897434 116.33444053895437 -1 2.3160092400488915e-12 
1 0 3.637978807091713e-12 1 -2.3160092400488116e-12 
1 0 1.3642420526593924e-12 0 -1 
1 0 -0.019999999999072315 1 -5.7387783771703589e-13 
7 0 0  3 25 23  0 6.2831853071795862  0.012006233599253175 6.28318530717958  0.036018700797768505 6.2831853071795774  0.072037401595555092 6.2831853071795836  0.10805610239331938 6.2831853071795853  0.14407480319110372 6.2831853071795809  0.18009350398886231 6.2831853071795827  0.21611220478663443 6.2831853071795853  0.25213090558441398 6.2831853071795756  0.28814960638218151 6.2831853071795871  0.32416830717996731 6.2831853071795765  0.36018700797772663 6.2831853071795827  0.39620570877550521 6.2831853071795836  0.43222440957327329 6.2831853071795862  0.46824311037106309 6.2831853071795791  0.50426181116882729 6.2831853071795853  0.54028051196660432 6.2831853071795756  0.5762992127643739 6.2831853071795898  0.61231791356214438 6.283185307179572  0.64833661435991863 6.2831853071795827  0.68435531515767234 6.2831853071795818  0.72037401595547557 6.2831853071795836  0.75639271675323938 6.2831853071795791  0.78040518395175018 6.2831853071795836  0.79241141755100652 6.2831853071795862 
 0 4 0.036018700797772953 1 0.072037401595545905 1 0.10805610239331886 1 0.14407480319109181 1 0.18009350398886476 1 0.21611220478663773 1 0.25213090558441065 1 0.28814960638218362 1 0.32416830717995659 1 0.36018700797772951 1 0.39620570877550249 1 0.43222440957327546 1 0.46824311037104838 1 0.50426181116882129 1 0.54028051196659432 1 0.57629921276436724 1 0.61231791356214016 1 0.64833661435991319 1 0.68435531515768611 1 0.72037401595545902 1 0.75639271675323205 1 0.79241141755100497 4
1 0.79241141755099576 -0.019999999999527063 -3.164135620256518e-13 1 
1 0.79241141755099576 4.5474735088646412e-13 -1 -5.7387783771704528e-13 
1 0.79241141755099576 0 -1 0 
7 0 0  3 25 23  0 1.5707963267949012  -1.9539925233402755e-14 1.5469963824495225  -2.3980817331903381e-14 1.4993964937587645  9.7699626167013776e-15 1.4279966607226255  -1.4210854715202004e-14 1.3565968276865139  -4.3520742565306136e-14 1.2851969946503685  1.7763568394002505e-14 1.2137971616142316  -2.7533531010703882e-14 1.1423973285781031  1.2434497875801753e-14 1.0709974955419757  -2.3092638912203256e-14 0.99959766250584081  4.4408920985006262e-15 0.92819782946972751  3.5527136788005009e-15 0.85679799643358234  -1.865174681370263e-14 0.78539816339744339  7.9936057773011271e-15 0.71399833036131943  -1.4210854715202004e-14 0.64259849732516805  -1.2434497875801753e-14 0.57119866428905819  2.6645352591003757e-15 0.49979883125291552  3.5527136788005009e-15 0.42839899821679978  -1.5987211554602254e-14 0.35699916518065361  4.4408920985006262e-15 0.28559933214452465  -1.7763568394002505e-15 0.21419949910839017  1.7763568394002505e-15 0.1427996660722656  0 0.071399833036126806  0 0.023799944345373553  0 0 
 0 4 0.071399833036131677 1 0.14279966607226335 1 0.21419949910839503 1 0.28559933214452671 1 0.35699916518065838 1 0.42839899821679006 1 0.49979883125292174 1 0.57119866428905341 1 0.64259849732518504 1 0.71399833036131677 1 0.7853981633974485 1 0.85679799643358012 1 0.92819782946971174 1 0.99959766250584348 1 1.0709974955419752 1 1.1423973285781068 1 1.2137971616142385 1 1.2851969946503701 1 1.3565968276865019 1 1.4279966607226335 1 1.4993964937587652 1 1.570796326794897 4
1 0.79241141755098943 0 -4.6648135328131761e-15 1 
1 0.7924114175509821 1.5707963267948903 -1 1.2329406669702356e-14 
7 0 0  3 25 23  0 6.2831853071795862  9.7699626167013776e-15 6.2593853628342098  1.0658141036401503e-14 6.2117854741434524  -2.6645352591003757e-15 6.1403856411073177  -8.8817841970012523e-16 6.0689858080711891  6.2172489379008766e-15 5.9975859750350686  -1.865174681370263e-14 5.9261861419989259  8.8817841970012523e-15 5.8547863089627965  -1.9539925233402755e-14 5.7833864759266502  8.8817841970012523e-15 5.7119866428905288  -1.865174681370263e-14 5.6405868098543985  3.5527136788005009e-15 5.5691869768182665  0 5.4977871437821344  -8.8817841970012523e-16 5.426387310746005  4.4408920985006262e-15 5.3549874777098792  -1.9539925233402755e-14 5.283587644673724  1.0658141036401503e-14 5.2121878116376177  -2.3980817331903381e-14 5.1407879786014803  1.0658141036401503e-14 5.0693881455653464  -2.042810365310288e-14 4.9979883125292055  -1.3322676295501878e-14 4.9265884794930743  -1.5099033134902129e-14 4.8551886464569636  -1.9539925233402755e-14 4.7837888134208084  -1.0658141036401503e-14 4.7361889247300555  0 4.7123889803846879 
 0 4 0.071399833036131746 1 0.14279966607226349 1 0.21419949910839525 1 0.28559933214452699 1 0.35699916518065872 1 0.42839899821679051 1 0.49979883125292224 1 0.57119866428905397 1 0.6425984973251857 1 0.71399833036131743 1 0.78539816339744917 1 0.85679799643358101 1 0.92819782946971274 1 0.99959766250584448 1 1.0709974955419761 1 1.1423973285781079 1 1.2137971616142398 1 1.2851969946503714 1 1.3565968276865032 1 1.4279966607226349 1 1.4993964937587667 1 1.5707963267948983 4
1 0 4.712388980384687 1 3.3625654553733412e-15 
1 0.79241141755099498 4.7123889803846835 -1.4842588513496353e-15 1 
1 -2.3491812360387945 4.7123889803846559 1 1.2329406669702192e-14 
1 0.79241141755098621 1.5707963267948859 -1 8.6866274263811607e-15 
7 0 0  3 25 23  0 4.7123889803846941  8.8817841970012523e-16 4.6885890360393256  -8.8817841970012523e-16 4.6409891473485798  8.8817841970012523e-16 4.5695893143124469  0 4.4981894812762944  8.8817841970012523e-16 4.4267896482401898  -5.3290705182007514e-15 4.3553898152040293  1.5987211554602254e-14 4.2839899821679115  -5.9507954119908391e-14 4.2125901491317732  1.5099033134902129e-14 4.1411903160956491  -8.8817841970012523e-15 4.069790483059518  2.3092638912203256e-14 3.9983906500233939  -8.3488771451811772e-14 3.9269908169872427  -5.6843418860808015e-14 3.8555909839511129  -1.2434497875801753e-13 3.7841911509150052  2.1316282072803006e-14 3.7127913178788496  3.9968028886505635e-14 3.6413914848427207  -1.865174681370263e-13 3.5699916518065851  -4.3520742565306136e-13 3.4985918187704668  3.2329694477084558e-13 3.4271919857343236  -8.5620399659092072e-13 3.3557921526981942  -8.1090689718621434e-13 3.2843923196620608  -3.0917490789761359e-12 3.2129924866259252  -1.8829382497642655e-12 3.1653925979351687  0 3.1415926535897931 
 0 4 0.071399833036131483 1 0.14279966607226297 1 0.21419949910839445 1 0.28559933214452593 1 0.35699916518065744 1 0.4283989982167889 1 0.49979883125292035 1 0.57119866428905186 1 0.64259849732518337 1 0.71399833036131488 1 0.78539816339744628 1 0.85679799643357779 1 0.9281978294697093 1 0.9995976625058407 1 1.0709974955419723 1 1.1423973285781037 1 1.2137971616142351 1 1.2851969946503667 1 1.3565968276864981 1 1.4279966607226298 1 1.4993964937587612 1 1.5707963267948926 4
1 0 3.1415926535897887 1 2.8021378794942216e-15 
1 0 -9.0949470177292824e-13 1 5.7387783771575271e-13 
1 0.79241141755022626 3.1415926535897976 4.9199646972594731e-13 1 
1 -2.3491812360366855 -0.020000000001784701 1 5.7387783771760276e-13 
1 -2.3491812360366855 3.1415926535897865 1 2.8021378794942232e-15 
1 0.79241141755022593 -0.020000000000891305 1.9247381464680993e-10 1 
7 0 0  3 25 23  0 8.9682630576205887e-13  -1.8189894035458565e-12 -0.00030303030351496531  -4.0900616227190767e-12 -0.00090909090987521585  -4.7819526116654743e-12 -0.0018181818160690325  1.3926637620897964e-12 -0.0027272727267441876  -7.9314332879221183e-13 -0.0036363636364829754  1.779909553079051e-12 -0.0045454545454858865  -6.3282712403633923e-12 -0.0054545454529117019  1.7053025658242404e-12 -0.0063636363646532978  -4.8760995241536875e-13 -0.0072727272716228029  2.4336088699783431e-13 -0.0081818181824509523  -4.8672177399566863e-13 -0.009090909090802084  1.7053025658242404e-12 -0.0099999999997456429  -6.3353766677209933e-12 -0.010909090908796536  1.8092194409291551e-12 -0.011818181819554144  -9.0416563125472749e-13 -0.012727272726106022  1.8172130467064562e-12 -0.013636363636860207  -6.3646865555710974e-12 -0.014545454545924793  1.8127721546079556e-12 -0.015454545454816993  -8.9173113337892573e-13 -0.016363636363359857  1.7577050925865478e-12 -0.017272727273472482  -6.1408655938066659e-12 -0.018181818183112309  9.7610808325043763e-13 -0.019090909090345106  1.8181012251261564e-12 -0.01969696969644397  0 -0.020000000000235142 
 -8.9682630576093958e-13 4 0.00090909090824553595 1 0.0018181818173878983 1 0.0027272727265302602 1 0.0036363636356726227 1 0.0045454545448149856 1 0.0054545454539573473 1 0.0063636363630997098 1 0.0072727272722420723 1 0.0081818181813844339 1 0.0090909090905267973 1 0.009999999999669159 1 0.010909090908811521 1 0.011818181817953884 1 0.012727272727096246 1 0.013636363636238609 1 0.014545454545380971 1 0.015454545454523332 1 0.016363636363665692 1 0.017272727272808056 1 0.018181818181950419 1 0.019090909091092779 1 0.020000000000235142 4
7 0 0  3 25 23  0 3.1415926535897931  -1.9557688801796758e-12 3.1177927092444153  -3.1290525726035412e-12 3.0701928205536593  -5.6754601018838002e-13 2.9987929875175277  -1.7950085862139531e-12 2.9273931544813991  -9.0594198809412774e-14 2.855993321445272  -2.3980817331903381e-13 2.7845934884091283  -5.5777604757167865e-13 2.7131936553730132  1.8030021919912542e-13 2.6417938223368567  -1.5720758028692217e-13 2.570393989300749  -2.1849189124623081e-13 2.4989941562645841  -3.730349362740526e-14 2.4275943232284778  -7.1942451995710144e-14 2.3561944901923364  -4.3520742565306136e-14 2.2847946571561994  -6.2172489379008766e-14 2.2133948241200838  2.4868995751603507e-14 2.141994991083934  -3.5527136788005009e-14 2.0705951580478237  -8.8817841970012523e-14 1.9991953250116481  2.3980817331903381e-14 1.9277954919755491  -6.2172489379008766e-15 1.8563956589394113  0 1.7849958259032892  7.1054273576010019e-15 1.713595992867138  -2.8421709430404007e-14 1.6421961598310189  -1.865174681370263e-14 1.5945962711402715  0 1.570796326794895 
 0 4 0.071399833036131774 1 0.14279966607226355 1 0.21419949910839531 1 0.2855993321445271 1 0.35699916518065888 1 0.42839899821679062 1 0.4997988312529224 1 0.57119866428905419 1 0.64259849732518592 1 0.71399833036131777 1 0.7853981633974495 1 0.85679799643358123 1 0.92819782946971308 1 0.99959766250584481 1 1.0709974955419765 1 1.1423973285781084 1 1.2137971616142402 1 1.2851969946503718 1 1.3565968276865037 1 1.4279966607226355 1 1.4993964937587672 1 1.570796326794899 4
1 0.79241141755098621 1.5707963267948859 -1.308338837968241e-12 1 
1 0 0 1 0 
1 1.5707963267948899 0 0 1 
1 6.2831853071795782 423.3089151922577 -1 0 
1 0 423.3089151922577 0 -1 
1 0 0 0 1 
1 0 0 1 0 
1 1.5707963267948966 0 -2.1506347906212942e-17 1 
1 6.2831853071795756 423.3089151922577 -1 0 
7 0 0  3 25 23  0 0  5.5583010925558291e-15 6.4137714423066221  1.1077680432219244e-14 19.241314326921906  7.4630775753107554e-15 38.482628653847144  1.364241999344971e-14 57.723942980757059  -7.4603468221976099e-15 76.965257307682236  1.6198967295340738e-14 96.20657163460541  -2.7631116322533624e-15 115.44788596152121  -5.1465207663272724e-15 134.68920028844678  2.3349194697562454e-14 153.93051461536248  2.0894563429901645e-14 173.17182894228608  2.2173730366549077e-15 192.41314326920968  2.4808355150390709e-14 211.65445759612541  7.6940278156062551e-15 230.895771923051  -1.0120556859037148e-15 250.13708624996664  -3.6458050719913919e-15 269.37840057689039  1.5595275973869285e-14 288.61971490381336  -4.1628880965736604e-15 307.86102923073128  1.0562764124253546e-15 327.10234355764879  -6.2217553127757525e-17 346.34365788457268  -8.0740619991432471e-16 365.58497221149366  3.2918423527850571e-15 384.82628653841937  -1.2359963211225917e-14 404.06760086532972  -8.8817841970012728e-15 416.89514374994491  0 423.30891519225679 
 0 4 19.241314326920705 1 38.48262865384141 1 57.723942980762118 1 76.965257307682819 1 96.20657163460352 1 115.44788596152424 1 134.68920028844494 1 153.93051461536564 1 173.17182894228634 1 192.41314326920704 1 211.65445759612774 1 230.89577192304847 1 250.13708624996917 1 269.37840057688987 1 288.61971490381057 1 307.86102923073128 1 327.10234355765198 1 346.34365788457268 1 365.58497221149338 1 384.82628653841408 1 404.06760086533478 1 423.30891519225554 4
1 1.5707963267948875 423.30891519225406 4.3012695812426254e-17 -1 
1 0 0 1 0 
1 1.5707963267948921 0 0 1 
1 6.2831853071795898 423.30891519225406 -1 0 
1 0 0 0 1 
1 0 0 1 0 
1 6.2831853071795747 423.30891519225406 -1 0 
1 0 0 0 1 
1 1.5707963267948921 650.58360605546295 0 -1 
1 0 0 1 0 
1 1.5707963267948966 0 0 1 
1 6.2831853071795836 650.58360605546295 -1 0 
1 0 0 0 1 
1 0 0 1 0 
1 6.2831853071795836 650.58360605546295 -1 0 
1 0 650.58360605546295 0 -1 
1 0 0 1 0 
1 1.5707963267948966 0 0 1 
1 6.283185307179588 650.58360605546295 -1 0 
1 1.5707963267948966 650.58360605546295 0 -1 
1 0 0 0 1 
1 0 0 1 0 
1 6.2831853071795836 650.58360605546295 -1 0 
1 -2.3491812361478681 -0.019999999998633666 1 -5.7387783793563947e-13 
1 -2.3491812339650808 3.1415926535897749 1 -2.8021378805287259e-15 
1 0.79241141737868137 -0.019999999999679267 0 1 
1 3.1415926533809975 -1.3481430484156263e-12 -1 5.7387783784183828e-13 
1 3.1415926556979401 3.1415926535897638 -1 2.8021378796126983e-15 
1 0 4.5474735088646412e-13 0 -1 
1 0 4.7123889803846577 1.6212064679987925e-09 -1 
1 0.79241141969562401 3.1415926535897705 -1 0 
1 0.79241141776363577 3.1415926535897705 -1.3528560016597917e-10 1 
1 0.79241141755111688 4.7123889803846621 -1 5.6042757589546635e-15 
1 2.5465851639821702e-09 3.1415926535897682 -1.6212064674089829e-09 -1 
1 0 1.5707963267948657 1 -1.4851330761230227e-14 
1 0.79241141755110989 1.570796326794841 5.284265430474198e-11 1 
1 0.79241141763411493 3.1415926535897332 0.99999999985880039 1.6804742795645241e-05 
1 0 1.5707963267948564 1 -1.9614965156341759e-14 
1 3.1415926535898127 4.7123889803847279 -1 -2.2417103035818594e-14 
7 0 0  3 25 23  0 1.5707963267948588  1.5987211554602254e-14 1.5469963824494855  2.3092638912203256e-14 1.4993964937587319  -5.3290705182007514e-15 1.4279966607225918  0 1.3565968276864793  4.4408920985006262e-15 1.2851969946503328  -1.7763568394002505e-14 1.2137971616141943  -1.4210854715202004e-14 1.1423973285780753  -7.1054273576010019e-15 1.0709974955419181  -2.8421709430404007e-14 0.99959766250581439  -2.4868995751603507e-14 0.92819782946967122  -1.7763568394002505e-14 0.85679799643354682  -3.5527136788005009e-14 0.78539816339742163  -3.0198066269804258e-14 0.71399833036128579  -3.0198066269804258e-14 0.64259849732515173  -2.6645352591003757e-14 0.57119866428902211  -4.3520742565306136e-14 0.49979883125288549  -3.6415315207705135e-14 0.42839899821676536  -3.730349362740526e-14 0.35699916518062069  -3.3750779948604759e-14 0.2855993321444959  -5.0626169922907138e-14 0.21419949910836586  -4.0856207306205761e-14 0.14279966607223746  -5.2402526762307389e-14 0.071399833036093499  -2.8421709430404007e-14 0.0237999443453565  0 0 
 0 4 0.071399833036131899 1 0.1427996660722638 1 0.2141994991083957 1 0.2855993321445276 1 0.35699916518065949 1 0.42839899821679139 1 0.49979883125292329 1 0.57119866428905519 1 0.64259849732518703 1 0.71399833036131899 1 0.78539816339745094 1 0.85679799643358279 1 0.92819782946971463 1 0.99959766250584658 1 1.0709974955419785 1 1.1423973285781104 1 1.2137971616142422 1 1.2851969946503741 1 1.3565968276865061 1 1.427996660722638 1 1.4993964937587698 1 1.5707963267949019 4
1 0 0 1 -5.7387783771696309e-13 
1 0 0 1 0 
1 0.79241141755109945 0 -1.41357985842828e-16 1 
1 0 3.025438140052677e-13 0 -1 
1 0 -0.020000000000436557 1 5.7387783771696774e-13 
1 0 6.2831853071795862 1 0 
1 0.79241141755111233 -0.020000000000284353 0 1 
7 0 0  3 25 23  0 6.2831853071795862  -3.1974423109204508e-14 6.2593853628341902  -5.5067062021407764e-14 6.2117854741434178  -3.1086244689504383e-14 6.1403856411072892  -3.8191672047105385e-14 6.0689858080711625  -3.2862601528904634e-14 5.9975859750350224  -5.5067062021407764e-14 5.9261861419989064  -3.3750779948604759e-14 5.8547863089627477  -4.5297099404706387e-14 5.7833864759266476  -2.1316282072803006e-14 5.711986642890488  -4.8849813083506888e-14 5.6405868098543728  -2.6645352591003757e-14 5.5691869768182336  -3.2862601528904634e-14 5.4977871437821211  -3.4638958368304884e-14 5.4263873107459686  -2.4868995751603507e-14 5.3549874777098481  -2.6645352591003757e-15 5.2835876446737222  -3.6415315207705135e-14 5.2121878116375902  -4.4408920985006262e-15 5.1407879786014528  -1.865174681370263e-14 5.0693881455653349  6.2172489379008766e-15 4.9979883125291904  0 4.926588479493069  -4.4408920985006262e-15 4.8551886464569254  2.3980817331903381e-14 4.7837888134207924  1.5987211554602254e-14 4.736188924730043  0 4.7123889803846701 
 0 4 0.071399833036131455 1 0.14279966607226291 1 0.21419949910839436 1 0.28559933214452582 1 0.35699916518065727 1 0.42839899821678873 1 0.49979883125292018 1 0.57119866428905164 1 0.64259849732518304 1 0.71399833036131455 1 0.78539816339744606 1 0.85679799643357746 1 0.92819782946970886 1 0.99959766250584037 1 1.0709974955419719 1 1.1423973285781033 1 1.2137971616142347 1 1.2851969946503661 1 1.3565968276864977 1 1.4279966607226291 1 1.4993964937587605 1 1.5707963267948921 4
1 0.79241141755111855 4.7123889803846755 -1.0319132966525983e-14 1 
Curves 120
1 15017.784146491664 -6616.7448165699216 17450.665559461002 0.16632522070524564 0.98607095127954736 0 
1 15017.787472996079 -6616.7250951508959 17450.665559461002 -1.0688578393633869e-13 0 1 
1 15017.787472996066 -6616.7250951508959 17566.999999999956 -0.16632522070524564 -0.98607095127954736 0 
1 15017.784146491651 -6616.7448165699216 17566.999999999956 1.0688578393633869e-13 0 -1 
1 15248.255183430105 -6452.7841464916382 17450.665559461046 -1.0688578393633869e-13 0 1 
2 15214.991802542709 -6649.9884760382802 17567 -2.1167824307050564e-13 1.7727176601094265e-14 1 0.98607095128077682 -0.16632522069795694 2.1167824307050567e-13 0.16632522069795694 0.98607095128077682 1.7727176601094274e-14 199.99000000000001
2 15214.991802542721 -6649.9884760382802 17450.665559461042 2.1167824307050564e-13 -1.7727176601094265e-14 -1 -0.98607095128077682 0.16632522069795694 -2.1167824307050567e-13 0.16632522069795694 0.98607095128077682 1.7727176601094274e-14 199.99000000000001
1 15248.255183430105 -6452.7841464916382 17450.665559461046 0.98607095127954736 -0.16632522070524564 0 
1 15248.274904849131 -6452.7874729960522 17450.665559461046 -1.0688578393633869e-13 0 1 
1 15248.274904849119 -6452.7874729960522 17567.000000000004 -0.98607095127954736 0.16632522070524564 0 
2 15214.988476038296 -6650.0081974573059 17567 -2.1167824307050564e-13 1.7727176601094265e-14 1 0.16632522069795694 0.98607095128077682 1.7727176601094274e-14 -0.98607095128077682 0.16632522069795694 -2.1167824307050567e-13 199.99000000000001
1 15181.72509515091 -6847.2125270039487 17566.999999999996 1.0688578393633869e-13 0 -1 
2 15214.988476038307 -6650.0081974573059 17450.665559461042 2.1167824307050564e-13 -1.7727176601094265e-14 -1 -0.16632522069795694 -0.98607095128077682 -1.7727176601094274e-14 -0.98607095128077682 0.16632522069795694 -2.1167824307050567e-13 199.99000000000001
1 15412.215853508387 -6683.2551834300793 17450.665559461086 -1.0688578393633869e-13 0 1 
2 15215.011523961733 -6649.9918025426941 17567 -2.1167824307050564e-13 1.7727176601094265e-14 1 -0.16632522069795694 -0.98607095128077682 -1.7727176601094274e-14 0.98607095128077682 -0.16632522069795694 2.1167824307050567e-13 199.99000000000001
2 15215.011523961746 -6649.9918025426941 17450.665559461042 2.1167824307050564e-13 -1.7727176601094265e-14 -1 0.16632522069795694 0.98607095128077682 1.7727176601094274e-14 0.98607095128077682 -0.16632522069795694 2.1167824307050567e-13 199.99000000000001
1 15181.744816569948 -6847.2158535083627 17450.665559461038 -0.98607095127954736 0.16632522070524564 0 
1 15181.725095150909 -6847.2125270039487 17566.999999999996 0.98607095127954736 -0.16632522070524564 0 
1 15181.744816569935 -6847.2158535083627 17566.999999999996 1.0688578393633869e-13 0 -1 
1 15412.215853508389 -6683.2551834300793 17450.665559461086 -0.16632522070524564 -0.98607095127954736 0 
1 15412.212527003974 -6683.274904849105 17450.665559461086 -1.0688578393633869e-13 0 1 
1 15412.212527003963 -6683.274904849105 17567.000000000044 0.16632522070524564 0.98607095127954736 0 
2 15215.008197457319 -6650.0115239617207 17567 -2.1167824307050564e-13 1.7727176601094265e-14 1 -0.98607095128077682 0.16632522069795694 -2.1167824307050567e-13 -0.16632522069795694 -0.98607095128077682 -1.7727176601094274e-14 199.99000000000001
2 15215.008197457331 -6650.0115239617207 17450.665559461042 2.1167824307050564e-13 -1.7727176601094265e-14 -1 0.98607095128077682 -0.16632522069795694 2.1167824307050567e-13 -0.16632522069795694 -0.98607095128077682 -1.7727176601094274e-14 199.99000000000001
1 14720.566125559308 -6566.6116564126614 17153.447538528671 0.16632522070524564 0.98607095127954736 0 
2 14998.201924459643 -6613.4215086507747 16867.916101901421 -0.16632522069794933 -0.98607095128077804 -0 -0.69235030522673058 0.11678197919486091 0.71204847039213848 -0.70213031255759895 0.11843161898560968 -0.70213031255758773 401.00000000000182
1 14602.787472996049 -6546.7250951508968 16867.916101901425 -0.16632522061888486 -0.98607095129411415 0 
2 14998.19859795523 -6613.4412300698004 16867.916101901421 0.16632522069794933 0.98607095128077804 0 -0.98607095128077804 0.16632522069794933 8.8596351092281318e-15 8.7362288201571645e-15 -1.4735807648456695e-15 1 401.00000000000307
2 14859.029263101604 -6589.9668844318421 17011.044964934947 -0.70213031255759339 0.11843161898560871 -0.70213031255759339 -0.16632522069794933 -0.98607095128077804 5.5511151231257827e-17 -0.69235030522673613 0.11678197919486191 0.71204847039213293 199.98999999999998
2 14799.988476038279 -6580.0081974573059 16867.916101901425 9.1454384957008438e-15 -1.5426040836120678e-15 1 -0.98607095128077804 0.16632522069794928 9.2746252019919147e-15 -0.16632522069794928 -0.98607095128077804 -5.9164567891575885e-31 199.98999999999998
2 14964.935217067847 -6810.6455596164442 16867.916101901421 0.16632522069794933 0.98607095128077804 0 -0.98607095128077804 0.16632522069794933 9.176289990524194e-15 9.0484730001844739e-15 -1.52624845786232e-15 1 201.01000000000096
2 14859.032589606019 -6589.9471630128164 17011.044964934947 -0.70213031255759339 0.11843161898560871 -0.70213031255759339 -0.69235030522673613 0.11678197919486183 0.71204847039213293 0.16632522069794928 0.98607095128077804 0 199.98999999999998
2 15031.465305347027 -6416.2171791041319 16867.916101901421 -0.16632522069794933 -0.98607095128077804 -0 -0.69235030522672947 0.11678197919486075 0.7120484703921397 -0.70213031255760006 0.11843161898560987 -0.70213031255758673 201.01000000000082
2 14799.991802542694 -6579.9884760382802 16867.916101901425 9.6301662487415467e-15 -1.6243653913538666e-15 1 0.16632522069794922 0.98607095128077804 1.1832913578315177e-30 -0.98607095128077804 0.16632522069794922 9.7662001260996603e-15 199.99000000000001
2 15031.465305347027 -6416.2171791041328 16867.916101901421 -0.16632522069794933 -0.98607095128077804 -0 0.98607095128077804 -0.16632522069794933 -1.7676071838402292e-14 1.7429860972600719e-14 -2.9399765495950682e-15 1 200.99000000000206
1 14833.274904849102 -6382.7874729960513 16867.916101901425 -0.98607095127954736 0.16632522070524564 -1.7763568393776263e-10 
1 14892.2959704934 -6392.7428334661736 17011.044964934947 0.69235030528212482 -0.11678197920100354 -0.71204847033726926 
1 14825.779729220325 -6787.1735496180681 17011.030723965541 -0.69235030528212482 0.11678197920100354 0.71204847033726926 
1 14766.725095150896 -6777.2125270039487 16867.916101901421 0.98607095127954736 -0.16632522070524564 1.7763568393776263e-10 
2 14964.935217067847 -6810.6455596164442 16867.916101901421 0.16632522069794933 0.98607095128077804 0 -0.98607095128077804 0.16632522069794933 1.7676071838402292e-14 1.7429860972600719e-14 -2.9399765495950682e-15 1 200.99000000000206
2 14859.046436612121 -6589.9494986524005 17011.030723965541 -0.70213031255759339 0.11843161898560871 -0.70213031255759339 0.16632522069794933 0.98607095128077804 -5.5511151231257827e-17 0.69235030522673613 -0.11678197919486191 -0.71204847039213293 199.98999999999998
2 14998.201924459643 -6613.4215086507756 16867.916101901421 -0.16632522069794933 -0.98607095128077804 -0 -0.69235030522514418 0.11678197919459332 0.71204847039372487 -0.70213031255916325 0.11843161898587354 -0.70213031255597902 1.0000000000025224
2 14800.011523961719 -6579.9918025426941 16867.916101901425 1.1252574200748381e-14 -1.8980245639815036e-15 1 0.98607095128077804 -0.16632522069794928 -1.1411525900983849e-14 0.16632522069794928 0.98607095128077804 7.8886090522101181e-31 199.98999999999998
2 14998.198597955228 -6613.4412300698013 16867.916101901421 -0.16632522069794933 -0.98607095128077804 -0 0.98607095128077804 -0.16632522069794933 -3.5527136787983635e-12 3.5032277568809348e-12 -5.9090588670276127e-13 1 1.0000000000004998
1 14997.212527003947 -6613.2749048491041 16867.916101901425 0.16632522070524564 0.98607095127954736 0 
1 14997.509574154417 -6613.3047266715812 16868.628150371816 -0.16632522070524564 -0.98607095127954736 0 
2 14859.043110107708 -6589.9692200714262 17011.030723965541 -0.70213031255759339 0.11843161898560871 -0.70213031255759339 0.69235030522673613 -0.11678197919486183 -0.71204847039213293 -0.16632522069794928 -0.98607095128077804 0 199.98999999999998
2 14800.008197457304 -6580.0115239617198 16867.916101901425 1.0573881169903415e-14 -1.7835462214293499e-15 1 -0.16632522069794922 -0.98607095128077804 -1.3805065841367707e-30 0.98607095128077804 -0.16632522069794922 -1.0723245782840795e-14 199.99000000000001
2 15156.24728403396 -6640.1000445891023 17308.262985867303 -0.70213031255759339 0.11843161898560871 -0.70213031255759339 -0.16632522069794933 -0.98607095128077804 5.5511151231257827e-17 -0.69235030522673613 0.11678197919486191 0.71204847039213293 199.98999999999998
1 15017.784146491664 -6616.7448165699225 17450.665559461027 -0.70213031255759351 0.11843161898560821 -0.70213031255759351 
2 14859.029263101604 -6589.9668844318421 17011.044964934947 0.70213031255759339 -0.11843161898560871 0.70213031255759339 -0.16632522069794933 -0.98607095128077804 5.5511151231257827e-17 0.69235030522673613 -0.11678197919486191 -0.71204847039213293 199.98999999999998
1 14825.76588221422 -6787.171213978485 17011.044964934947 0.70213031255759351 -0.11843161898560821 0.70213031255759351 
1 15017.784146491664 -6616.7448165699216 17450.665559461027 0.16632522070524564 0.98607095127954736 0 
1 15017.787472996079 -6616.7250951508959 17450.665559461027 -0.70213031255759351 0.11843161898560821 -0.70213031255759351 
1 14720.569452063723 -6566.5919349936348 17153.447538528671 -0.16632522070524564 -0.98607095127954736 0 
2 15156.250610538375 -6640.0803231700766 17308.262985867303 -0.70213031255759339 0.11843161898560871 -0.70213031255759339 -0.69235030522673613 0.11678197919486183 0.71204847039213293 0.16632522069794928 0.98607095128077804 0 199.98999999999998
1 15189.513991425758 -6442.8759936234337 17308.262985867303 -0.70213031255759351 0.11843161898560821 -0.70213031255759351 
2 14859.032589606019 -6589.9471630128164 17011.044964934947 0.70213031255759339 -0.11843161898560871 0.70213031255759339 -0.69235030522673613 0.11678197919486183 0.71204847039213293 -0.16632522069794928 -0.98607095128077804 0 199.98999999999998
1 15189.513991425756 -6442.8759936234337 17308.262985867303 0.69235030528212482 -0.11678197920100354 -0.71204847033726926 
1 15189.527838431861 -6442.8783292630178 17308.248744897894 -0.70213031255759351 0.11843161898560821 -0.70213031255759351 
1 14892.309817499505 -6392.7451691057577 17011.030723965541 -0.69235030528212482 0.11678197920100354 0.71204847033726926 
1 15122.997750152681 -6837.3067097753292 17308.248744897894 -0.69235030528212482 0.11678197920100354 0.71204847033726926 
1 14825.76588221422 -6787.171213978485 17011.044964934947 0.69235030528212482 -0.11678197920100354 -0.71204847033726926 
1 14825.779729220325 -6787.1735496180681 17011.030723965541 0.70213031255759351 -0.11843161898560821 0.70213031255759351 
2 15156.264457544477 -6640.0826588096606 17308.248744897894 -0.70213031255759339 0.11843161898560871 -0.70213031255759339 0.16632522069794933 0.98607095128077804 -5.5511151231257827e-17 0.69235030522673613 -0.11678197919486191 -0.71204847039213293 199.98999999999998
1 15294.727595086773 -6663.4378868288404 17165.846171304172 -0.70213031255759351 0.11843161898560821 -0.70213031255759351 
2 14859.046436612121 -6589.9494986524005 17011.030723965541 0.70213031255759339 -0.11843161898560871 0.70213031255759339 0.16632522069794933 0.98607095128077804 -5.5511151231257827e-17 -0.69235030522673613 0.11678197919486191 0.71204847039213293 199.98999999999998
1 15294.727595086773 -6663.4378868288413 17165.846171304172 -0.16632522070524564 -0.98607095127954736 0 
1 15294.724268582358 -6663.457608247867 17165.846171304172 -0.70213031255759351 0.11843161898560821 -0.70213031255759351 
1 14997.506247650002 -6613.3244480906069 16868.628150371816 0.16632522070524564 0.98607095127954736 0 
2 15156.261131040063 -6640.1023802286863 17308.248744897894 -0.70213031255759339 0.11843161898560871 -0.70213031255759339 0.69235030522673613 -0.11678197919486183 -0.71204847039213293 -0.16632522069794928 -0.98607095128077804 0 199.98999999999998
2 14859.043110107708 -6589.9692200714262 17011.030723965541 0.70213031255759339 -0.11843161898560871 0.70213031255759339 0.69235030522673613 -0.11678197919486183 -0.71204847039213293 0.16632522069794928 0.98607095128077804 0 199.98999999999998
1 15000 -6579.9899999999998 16867.916101901421 0 -1 0 
1 15000 -6580.0099999999993 16867.916101901421 0 0 -1 
1 15000 -6580.0099999999993 16217.332495845958 0 1 0 
1 15000 -6579.9899999999998 16217.332495845958 0 0 1 
2 14800.01 -6580.0099999999993 16867.916101901421 0 0 -1 1 2.5151758168127234e-15 0 2.5151758168127234e-15 -1 0 199.99000000000001
1 14800.01 -6779.9999999999991 16867.916101901421 0 0 -1 
2 14800.01 -6580.0099999999993 16217.332495845958 -0 -0 1 1 2.5151758168127234e-15 0 -2.5151758168127234e-15 1 0 199.99000000000001
1 14800.01 -6780 16867.916101901421 -1 0 0 
1 14799.990000000002 -6780 16867.916101901421 0 0 -1 
1 14799.990000000002 -6780 16217.332495845958 1 0 0 
2 14800.01 -6579.9900000000007 16867.916101901421 0 0 -1 -2.5151758168127234e-15 1 0 1 2.5151758168127234e-15 0 199.99000000000001
2 14800.01 -6579.9900000000007 16217.332495845958 -0 -0 1 -2.5151758168127234e-15 1 0 -1 -2.5151758168127234e-15 -0 199.99000000000001
1 14800.01 -6380.0000000000009 16217.332495845958 0 0 1 
2 14799.990000000002 -6580.0099999999993 16867.916101901421 0 0 -1 2.5151758168127234e-15 -1 0 -1 -2.5151758168127234e-15 -0 199.99000000000001
1 14600.000000000002 -6580.0100000000002 16867.916101901421 0 0 -1 
2 14799.990000000002 -6580.0099999999993 16217.332495845958 -0 -0 1 2.5151758168127234e-15 -1 0 1 2.5151758168127234e-15 0 199.99000000000001
1 14799.990000000002 -6380 16867.916101901421 1 0 0 
1 14800.01 -6380 16217.332495845958 -1 0 0 
1 14799.990000000002 -6380 16217.332495845958 0 0 1 
1 14600.000000000002 -6580.0100000000002 16867.916101901421 0 1 0 
1 14600.000000000002 -6579.9900000000007 16867.916101901421 0 0 -1 
1 14600.000000000002 -6579.9900000000007 16217.332495845958 0 -1 0 
2 14799.990000000002 -6579.9900000000007 16867.916101901421 0 0 -1 -1 -2.5151758168127234e-15 -0 -2.5151758168127234e-15 1 0 199.99000000000001
2 14799.990000000002 -6579.9900000000007 16217.332495845958 -0 -0 1 -1 -2.5151758168127234e-15 -0 2.5151758168127234e-15 -1 0 199.99000000000001
2 15017.777612286565 -6616.7234318986884 17450.665559461024 0.1663252206979321 0.98607095128078093 1.7727176601091627e-14 -0.69235030377072193 0.11678197894924386 0.71204847184815134 0.70213031399333081 -0.11843161922778132 0.70213031108100765 0.010000000000127364
1 15017.784535789602 -6616.7245997184782 17450.658438976305 -0.16632522070524564 -0.98607095127954736 0 
2 15017.77428578215 -6616.7431533177141 17450.665559461024 -0.1663252206979321 -0.98607095128078093 -1.7727176601091627e-14 -0.98607095128078093 0.1663252206979321 2.1316282072531517e-09 -2.1019337056265002e-09 3.5456101227121236e-10 -1 0.010000000000127364
1 15017.784146491664 -6616.7448165699216 17450.665559461002 0.16632522070524564 0.98607095127954736 0 
2 15214.988476038307 -6650.0081974573059 17450.665559461042 2.1167824307050564e-13 -1.7727176601094265e-14 -1 -0.16632522069795694 -0.98607095128077682 -1.7727176601094274e-14 -0.98607095128077682 0.16632522069795694 -2.1167824307050567e-13 199.99000000000001
2 15156.2443468275 -6640.0995491566873 17308.255865382594 0.7021303125575924 -0.11843161898560856 0.7021303125575945 -0.69235030522673724 0.11678197919486227 0.71204847039213193 -0.16632522069794947 -0.98607095128077815 1.6653345369377348e-16 199.99000000000001
2 14984.510904894771 -6813.9474828643633 17450.66555946102 -0.1663252206979321 -0.98607095128078093 -1.7727176601091627e-14 0.69235030522674146 -0.11678197919483752 -0.71204847039213182 0.70213031255759228 -0.11843161898560856 0.70213031255759462 199.99999999999594
2 15214.991802542721 -6649.9884760382802 17450.665559461042 2.1167824307050564e-13 -1.7727176601094265e-14 -1 -0.98607095128077682 0.16632522069795694 -2.1167824307050567e-13 0.16632522069795694 0.98607095128077682 1.7727176601094274e-14 199.99000000000001
2 15051.040993173943 -6419.5191023520501 17450.665559461027 0.1663252206979321 0.98607095128078093 1.7727176601091627e-14 0.98607095128078093 -0.1663252206979321 1.0658052400518427e-13 1.0804443525432394e-13 -2.4677528270270264e-16 -1 200.0000000000062
2 15156.247673331913 -6640.0798277376616 17308.255865382594 0.7021303125575924 -0.11843161898560857 0.7021303125575945 0.16632522069794958 0.98607095128077804 -2.3592239273284581e-16 -0.69235030522673713 0.11678197919486237 0.71204847039213182 199.99000000000004
1 15248.255183430105 -6452.7841464916382 17450.665559461046 0.98607095127954736 -0.16632522070524564 0 
2 15051.040993173945 -6419.5191023520456 17450.665559461027 0.1663252206979321 0.98607095128078093 1.7727176601091627e-14 0.98607095128078093 -0.1663252206979321 1.0657075328868401e-13 1.0803480063460982e-13 -2.4515016612442066e-16 -1 200.02000000000496
1 15189.524901225401 -6442.8778338306029 17308.241624413189 -0.69235030528212482 0.11678197920100354 0.71204847033726926 
1 15122.980965940116 -6837.3038787033302 17308.255865382594 0.69235030528212482 -0.11678197920100354 -0.71204847033726926 
2 14984.510904894771 -6813.9474828643579 17450.66555946102 -0.1663252206979321 -0.98607095128078093 -1.7727176601091627e-14 -0.98607095128078093 0.1663252206979321 -1.0657075328868881e-13 1.0803480063461457e-13 -2.4515016612521899e-16 -1 200.01999999999595
1 15181.744816569948 -6847.2158535083627 17450.665559461038 -0.98607095127954736 0.16632522070524564 0 
2 15215.011523961746 -6649.9918025426941 17450.665559461042 2.1167824307050564e-13 -1.7727176601094265e-14 -1 0.16632522069795694 0.98607095128077682 1.7727176601094274e-14 0.98607095128077682 -0.16632522069795694 2.1167824307050567e-13 199.99000000000001
2 15017.777612286563 -6616.7234318986993 17450.665559461024 0.1663252206979321 0.98607095128078093 1.7727176601091627e-14 0.98607095128078093 -0.1663252206979321 1.5912011357892942e-13 1.5985219832520862e-13 -8.9854341139346376e-15 -1 400.00999999999971
2 15156.261520338017 -6640.0821633772457 17308.241624413189 0.70213031255759228 -0.11843161898560854 0.7021303125575945 0.69235030522673724 -0.11678197919486225 -0.71204847039213182 0.1663252206979495 0.98607095128077804 -1.5265566588595905e-16 199.98999999999998
1 15412.215853508389 -6683.2551834300793 17450.665559461086 -0.16632522070524564 -0.98607095127954736 0 
2 15017.774285782149 -6616.743153317725 17450.665559461024 0.1663252206979321 0.98607095128078093 1.7727176601091627e-14 0.98607095128078093 -0.1663252206979321 1.5986811884305126e-13 1.6058978458756427e-13 -9.1098462545729188e-15 -1 400.0100000000005
1 15294.721331375913 -6663.4571128154548 17165.839050819479 0.16632522070524564 0.98607095127954736 0 
2 15215.008197457331 -6650.0115239617207 17450.665559461042 2.1167824307050564e-13 -1.7727176601094265e-14 -1 0.98607095128077682 -0.16632522069795694 2.1167824307050567e-13 -0.16632522069795694 -0.98607095128077682 -1.7727176601094274e-14 199.99000000000001
2 15156.258193833602 -6640.1018847962714 17308.241624413189 0.70213031255759228 -0.11843161898560854 0.7021303125575945 -0.16632522069794933 -0.98607095128077804 4.1633363423443383e-17 0.69235030522673724 -0.11678197919486208 -0.71204847039213182 199.99000000000004
Polygon3D 0
PolygonOnTriangulations 0
Surfaces 40
1 15017.784146491664 -6616.7448165699216 17450.665559461002 0.98607095128077671 -0.16632522069795691 1.0539696664449705e-13 0.16632522069795691 0.98607095128077671 1.7727176601094268e-14 -1.0687736372177616e-13 4.9919843477824902e-17 1 
2 15214.991802542721 -6649.9884760382802 17450.665559461042 -2.1167824307050564e-13 1.7727176601094265e-14 1 -0.98607095128077682 0.16632522069795694 -2.1167824307050567e-13 0.16632522069795694 0.98607095128077682 1.7727176601094274e-14 199.99000000000001
2 15214.988476038307 -6650.0081974573059 17450.665559461042 -2.1167824307050564e-13 1.7727176601094265e-14 1 -0.16632522069795694 -0.98607095128077682 -1.7727176601094274e-14 -0.98607095128077682 0.16632522069795694 -2.1167824307050567e-13 199.99000000000001
1 15248.255183430105 -6452.7841464916382 17450.665559461046 -0.16632522069795691 -0.98607095128077671 -1.777780160268567e-14 0.98607095128077671 -0.16632522069795691 2.1167824307050562e-13 -2.1168666328506813e-13 1.7677256757616436e-14 1 
2 15215.011523961746 -6649.9918025426941 17450.665559461042 -2.1167824307050564e-13 1.7727176601094265e-14 1 0.16632522069795694 0.98607095128077682 1.7727176601094274e-14 0.98607095128077682 -0.16632522069795694 2.1167824307050567e-13 199.99000000000001
