DBRep_DrawableShape

CASCADE Topology V1, (c) Matra-Datavision
Locations 0
Curve2ds 16
7 0 0  1 2 2  4.7123889803846897 -114.71067811865777  4.7123889803846897 -114.71067811865518 
 0 2 22.000000000004356 2
7 0 0  1 2 2  3.1415926535897931 -114.71067811865647  3.1415926535897931 -114.7106781186539 
 0 2 22.000000000003716 2
7 0 0  1 2 2  6.2831853071795862 -70.710678118656062  6.2831853071795862 -70.710678118656048 
 0 2 21.999999999998572 2
7 0 0  1 2 2  4.7123889803846897 -70.710678118654755  4.7123889803846897 -70.710678118654769 
 6.4310987107683755e-13 2 21.999999999999211 2
7 0 0  1 2 2  3.1415926535898153 -70.710678118661193  3.1415926535898295 -70.710678118661207 
 0 2 21.999999999998572 2
7 0 0  1 2 2  4.7123889803846897 -70.710678118654769  4.7123889803846897 -70.710678118654755 
 6.4310987107683755e-13 2 21.999999999999211 2
7 0 0  1 2 2  6.2831853071795862 -114.71067811865905  6.2831853071795862 -114.71067811865649 
 0 2 22.000000000003716 2
7 0 0  1 2 2  4.7123889803846897 -114.71067811865326  4.7123889803846897 -114.71067811865649 
 0 2 22.000000000003716 2
7 0 0  1 2 2  0 -70.710678118658592  0 -70.710678118658606 
 0 2 21.999999999999858 2
7 0 0  1 2 2  1.5707963267946057 -70.71067811865538  1.5707963267947171 -70.710678118654741 
 0 2 21.999999999999858 2
7 0 0  1 2 2  3.1415926535897931 -114.71067811865905  3.1415926535897931 -114.71067811865903 
 0 2 21.999999999998572 2
7 0 0  1 2 2  1.570796326795076 -114.71067811865389  1.5707963267951877 -114.71067811865325 
 0 2 21.999999999999215 2
7 0 0  1 2 2  1.5707963267947171 -70.71067811865413  1.5707963267946057 -70.71067811865413 
 0 2 22.000000000000501 2
7 0 0  1 2 2  3.1415926535897709 -70.710678118657341  3.1415926535897567 -70.710678118652197 
 -5.1448789686152877e-12 2 21.999999999994714 2
7 0 0  1 2 2  1.5707963267951877 -114.71067811865328  1.570796326795076 -114.7106781186539 
 0 2 21.999999999999215 2
7 0 0  1 2 2  0 -114.71067811864876  0 -114.71067811864877 
 0 2 21.999999999998572 2
Curves 138
1 33377.172655627073 -15963 6904.1782108395773 -0.70710678118658787 0 -0.70710678118650716 
1 33361.616306440963 -15963 6888.6218616534734 0.70710678118658787 0 -0.70710678118650716 
1 33377.172655627073 -15963 6873.0655124673694 0.70710678118658787 0 0.70710678118650716 
1 33392.729004813176 -15963 6888.6218616534734 -0.70710678118658787 0 0.70710678118650716 
2 33377.172655627073 -15963 6888.6218616534734 2.1437387455469636e-15 1 6.1230317691118863e-17 -1 2.1437387455469636e-15 7.2628014209718831e-16 7.2628014209718821e-16 -6.1230317691120416e-17 1 0.50000000000000022
1 33361.616306440963 -15722.999999999998 6848.6218616534734 0 0 1 
1 33361.616306440963 -15722.999999999998 6863.6218616534734 0.70710678118658787 0.70710678118650716 0 
1 33377.172655627073 -15707.443650813895 6863.6218616534734 0 0 -1 
1 33377.172655627073 -15707.443650813895 6848.6218616534734 -0.70710678118658787 -0.70710678118650716 0 
1 33377.172655627073 -15738.556349186103 6848.6218616534734 0 0 1 
1 33377.172655627073 -15738.556349186103 6863.6218616534734 -0.70710678118658787 0.70710678118650716 0 
1 33361.616306440963 -15722.999999999998 6863.6218616534734 0 0 -1 
1 33361.616306440963 -15722.999999999998 6848.6218616534734 0.70710678118658787 -0.70710678118650716 0 
1 33392.729004813176 -15722.999999999998 6848.6218616534734 0 0 1 
1 33392.729004813176 -15722.999999999998 6863.6218616534734 -0.70710678118658787 -0.70710678118650716 0 
1 33377.172655627073 -15738.556349186103 6863.6218616534734 0 0 -1 
1 33377.172655627073 -15738.556349186103 6848.6218616534734 0.70710678118658787 0.70710678118650716 0 
1 33392.729004813176 -15722.999999999998 6863.6218616534734 0 0 -1 
1 33392.729004813176 -15722.999999999998 6848.6218616534734 -0.70710678118658787 0.70710678118650716 0 
1 33377.172655627073 -15707.443650813895 6848.6218616534734 0 0 1 
1 33377.172655627073 -15707.443650813895 6863.6218616534734 0.70710678118658787 -0.70710678118650716 0 
1 33361.616306440963 -15748 6888.6218616534734 0 -1 0 
1 33361.616306440963 -15963 6888.6218616534734 0.70710678118658787 0 0.70710678118650716 
1 33377.172655627073 -15963 6904.1782108395773 0 1 0 
1 33377.172655627073 -15748 6904.1782108395773 -0.70710678118658787 0 -0.70710678118650716 
1 33377.172655627073 -15748 6873.0655124673694 0 -1 0 
1 33377.172655627073 -15963 6873.0655124673694 -0.70710678118658787 0 0.70710678118650716 
1 33361.616306440963 -15963 6888.6218616534734 0 1 0 
1 33361.616306440963 -15748 6888.6218616534734 0.70710678118658787 0 -0.70710678118650716 
1 33392.729004813176 -15748 6888.6218616534734 0 -1 0 
1 33392.729004813176 -15963 6888.6218616534734 -0.70710678118658787 0 -0.70710678118650716 
1 33377.172655627073 -15963 6873.0655124673694 0 1 0 
1 33377.172655627073 -15748 6873.0655124673694 0.70710678118658787 0 0.70710678118650716 
1 33392.729004813176 -15748 6888.6218616534734 -0.70710678118658787 0 0.70710678118650716 
1 33377.172655627073 -15748 6904.1782108395773 0 -1 0 
1 33377.172655627073 -15963 6904.1782108395773 0.70710678118658787 0 -0.70710678118650716 
1 33392.729004813176 -15963 6888.6218616534734 0 1 0 
1 33361.616306440963 -15748 6888.6218616534734 0.70710678118658787 0 0.70710678118650716 
1 33377.172655627073 -15707.443650813895 6863.6218616534734 -0.70710678118658787 -0.70710678118650716 0 
1 33392.729004813176 -15722.999999999998 6863.6218616534734 -0.70710678118658787 0.70710678118650716 0 
1 33377.172655627073 -15748 6904.1782108395773 0.70710678118658787 0 -0.70710678118650716 
1 33012.729004813176 -15963 6888.6218616534734 -0.70710678118658787 0 0.70710678118650716 
1 32997.172655627066 -15963 6904.1782108395773 -0.70710678118658787 0 -0.70710678118650716 
1 32981.61630644097 -15963 6888.6218616534734 0.70710678118658787 0 -0.70710678118650716 
1 32997.172655627066 -15963 6873.0655124673694 0.70710678118658787 0 0.70710678118650716 
2 32997.172655627066 -15963 6888.6218616534734 2.1437387455469636e-15 1 6.1230317691118863e-17 -1 2.1437387455469636e-15 7.2628014209718831e-16 7.2628014209718821e-16 -6.1230317691120416e-17 1 0.50000000000000022
1 32997.172655627066 -15748 6904.1782108395773 -0.70710678118658787 0 -0.70710678118650716 
1 32981.61630644097 -15748 6888.6218616534734 0 -1 0 
1 32981.61630644097 -15963 6888.6218616534734 0.70710678118658787 0 0.70710678118650716 
1 32997.172655627066 -15963 6904.1782108395773 0 1 0 
1 32981.61630644097 -15963 6888.6218616534734 0 1 0 
1 32981.61630644097 -15748 6888.6218616534734 0.70710678118658787 0 -0.70710678118650716 
1 32997.172655627066 -15748 6873.0655124673694 0 -1 0 
1 32997.172655627066 -15963 6873.0655124673694 -0.70710678118658787 0 0.70710678118650716 
1 32997.172655627066 -15963 6873.0655124673694 0 1 0 
1 32997.172655627066 -15748 6873.0655124673694 0.70710678118658787 0 0.70710678118650716 
1 33012.729004813176 -15748 6888.6218616534734 0 -1 0 
1 33012.729004813176 -15963 6888.6218616534734 -0.70710678118658787 0 -0.70710678118650716 
1 33012.729004813176 -15963 6888.6218616534734 0 1 0 
1 33012.729004813176 -15748 6888.6218616534734 -0.70710678118658787 0 0.70710678118650716 
1 32997.172655627066 -15748 6904.1782108395773 0 -1 0 
1 32997.172655627066 -15963 6904.1782108395773 0.70710678118658787 0 -0.70710678118650716 
1 32997.172655627066 -15707.443650813895 6863.6218616534743 0 0 -1 
1 32997.172655627066 -15707.443650813895 6848.6218616534734 -0.70710678118658787 -0.70710678118650716 0 
1 32981.61630644097 -15722.999999999998 6848.6218616534734 0 0 1 
1 32981.61630644097 -15722.999999999998 6863.6218616534743 0.70710678118658787 0.70710678118650716 0 
1 32981.61630644097 -15722.999999999998 6863.6218616534743 0 0 -1 
1 32981.61630644097 -15722.999999999998 6848.6218616534734 0.70710678118658787 -0.70710678118650716 0 
1 32997.172655627066 -15738.556349186103 6848.6218616534734 0 0 1 
1 32997.172655627066 -15738.556349186103 6863.6218616534743 -0.70710678118658787 0.70710678118650716 0 
1 32997.172655627066 -15738.556349186103 6863.6218616534743 0 0 -1 
1 32997.172655627066 -15738.556349186103 6848.6218616534734 0.70710678118658787 0.70710678118650716 0 
1 33012.729004813176 -15722.999999999998 6848.6218616534734 0 0 1 
1 33012.729004813176 -15722.999999999998 6863.6218616534743 -0.70710678118658787 -0.70710678118650716 0 
1 33012.729004813176 -15722.999999999998 6863.6218616534743 0 0 -1 
1 33012.729004813176 -15722.999999999998 6848.6218616534734 -0.70710678118658787 0.70710678118650716 0 
1 32997.172655627066 -15707.443650813895 6848.6218616534734 0 0 1 
1 32997.172655627066 -15707.443650813895 6863.6218616534743 0.70710678118658787 -0.70710678118650716 0 
1 32997.172655627066 -15707.443650813895 6863.6218616534743 -0.70710678118658787 -0.70710678118650716 0 
1 32981.61630644097 -15748 6888.6218616534734 0.70710678118658787 0 0.70710678118650716 
1 33012.729004813176 -15722.999999999998 6863.6218616534743 -0.70710678118658787 0.70710678118650716 0 
1 32997.172655627066 -15748 6904.1782108395773 0.70710678118658787 0 -0.70710678118650716 
1 33361.616306440963 -15722.999999999998 6848.6218616534734 0 0 1 
1 33361.616306440963 -15722.999999999998 6863.6218616534734 0.70710678118658787 0.70710678118650716 0 
1 33377.172655627073 -15707.443650813895 6863.6218616534734 0 0 -1 
1 33377.172655627073 -15707.443650813895 6848.6218616534734 -0.70710678118658787 -0.70710678118650716 0 
1 33022.172655627073 -15738.556349186103 6823.6218616534743 1 0 0 
1 33352.172655627073 -15738.556349186103 6823.6218616534734 0 0.70710678118654757 0.70710678118654757 
1 33352.172655627073 -15722.999999999998 6839.1782108395773 -1 0 0 
1 33022.172655627073 -15722.999999999998 6839.1782108395782 0 -0.70710678118654757 -0.70710678118654757 
1 33022.172655627073 -15722.999999999998 6808.0655124673704 1 0 0 
1 33352.172655627073 -15722.999999999998 6808.0655124673704 0 -0.70710678118654757 0.70710678118654757 
1 33352.172655627073 -15738.556349186103 6823.6218616534734 -1 0 0 
1 33022.172655627073 -15738.556349186103 6823.6218616534743 0 0.70710678118654757 -0.70710678118654757 
1 33352.172655627073 -15707.443650813895 6823.6218616534734 0 -0.70710678118654757 -0.70710678118654757 
1 33352.172655627073 -15722.999999999998 6808.0655124673704 -1 0 0 
1 33022.172655627073 -15722.999999999998 6808.0655124673704 0 0.70710678118654757 0.70710678118654757 
1 33022.172655627073 -15707.443650813895 6823.6218616534743 1 0 0 
1 33392.729004813176 -15722.999999999998 6848.6218616534734 -0.70710678118658787 -0.70710678118650716 0 
1 33352.172655627073 -15738.556349186103 6823.6218616534734 0 0.70710678118654757 -0.70710678118654757 
1 33377.172655627073 -15707.443650813895 6848.6218616534734 0.70710678118658787 -0.70710678118650716 0 
1 33352.172655627073 -15722.999999999998 6808.0655124673704 0 0.70710678118654757 0.70710678118654757 
1 32997.172655627066 -15707.443650813895 6863.6218616534743 0 0 -1 
1 32997.172655627066 -15707.443650813895 6848.6218616534734 -0.70710678118658787 -0.70710678118650716 0 
1 32981.61630644097 -15722.999999999998 6848.6218616534734 0 0 1 
1 32981.61630644097 -15722.999999999998 6863.6218616534743 0.70710678118658787 0.70710678118650716 0 
1 32981.61630644097 -15722.999999999998 6863.6218616534743 0 0 -1 
1 32981.61630644097 -15722.999999999998 6848.6218616534734 0.70710678118658787 -0.70710678118650716 0 
1 32997.172655627066 -15738.556349186103 6848.6218616534734 0 0 1 
1 32997.172655627066 -15738.556349186103 6863.6218616534743 -0.70710678118658787 0.70710678118650716 0 
1 32997.172655627066 -15738.556349186103 6863.6218616534743 0 0 -1 
1 32997.172655627066 -15738.556349186103 6848.6218616534734 0.70710678118658787 0.70710678118650716 0 
1 33012.729004813176 -15722.999999999998 6848.6218616534734 0 0 1 
1 33012.729004813176 -15722.999999999998 6863.6218616534743 -0.70710678118658787 -0.70710678118650716 0 
1 33377.172655627073 -15738.556349186103 6848.6218616534734 0 0 1 
1 33377.172655627073 -15738.556349186103 6863.6218616534734 -0.70710678118658787 0.70710678118650716 0 
1 33361.616306440963 -15722.999999999998 6863.6218616534734 0 0 -1 
1 33361.616306440963 -15722.999999999998 6848.6218616534734 0.70710678118658787 -0.70710678118650716 0 
1 33012.729004813176 -15722.999999999998 6863.6218616534743 0 0 -1 
1 33012.729004813176 -15722.999999999998 6848.6218616534734 -0.70710678118658787 0.70710678118650716 0 
1 32997.172655627066 -15707.443650813895 6848.6218616534734 0 0 1 
1 32997.172655627066 -15707.443650813895 6863.6218616534743 0.70710678118658787 -0.70710678118650716 0 
1 33392.729004813176 -15722.999999999998 6848.6218616534734 0 0 1 
1 33392.729004813176 -15722.999999999998 6863.6218616534734 -0.70710678118658787 -0.70710678118650716 0 
1 33377.172655627073 -15738.556349186103 6863.6218616534734 0 0 -1 
1 33377.172655627073 -15738.556349186103 6848.6218616534734 0.70710678118658787 0.70710678118650716 0 
1 33392.729004813176 -15722.999999999998 6863.6218616534734 0 0 -1 
1 33392.729004813176 -15722.999999999998 6848.6218616534734 -0.70710678118658787 0.70710678118650716 0 
1 33377.172655627073 -15707.443650813895 6848.6218616534734 0 0 1 
1 33377.172655627073 -15707.443650813895 6863.6218616534734 0.70710678118658787 -0.70710678118650716 0 
1 33022.172655627073 -15722.999999999998 6808.0655124673704 0 -0.70710678118654757 0.70710678118654757 
1 32997.172655627066 -15738.556349186103 6848.6218616534734 -0.70710678118658787 0.70710678118650716 0 
1 33022.172655627073 -15707.443650813895 6823.6218616534743 0 -0.70710678118654757 -0.70710678118654757 
1 32981.61630644097 -15722.999999999998 6848.6218616534734 0.70710678118658787 0.70710678118650716 0 
1 33022.172655627073 -15722.999999999998 6839.1782108395782 1 0 0 
1 33352.172655627073 -15722.999999999998 6839.1782108395773 0 0.70710678118654757 -0.70710678118654757 
1 33352.172655627073 -15707.443650813895 6823.6218616534734 -1 0 0 
1 33022.172655627073 -15707.443650813895 6823.6218616534743 0 -0.70710678118654757 0.70710678118654757 
Polygon3D 0
PolygonOnTriangulations 0
Surfaces 38
1 33377.172655627073 -15963 6904.1782108395773 -2.1437387455469636e-15 -1 -6.1230317691118863e-17 -0.70710678118654768 1.5591485769221978e-15 -0.70710678118654746 0.70710678118654746 -1.4725558312150037e-15 -0.70710678118654768 
1 33361.616306440963 -15722.999999999998 6848.6218616534734 -0.70710678118654635 0.70710678118654879 5.5685398637164811e-16 5.9443653451216791e-16 -1.930739252761403e-16 1 0.70710678118654879 0.70710678118654635 -2.8380622270552258e-16 
1 33377.172655627073 -15738.556349186103 6848.6218616534734 -0.70710678118654868 -0.70710678118654646 4.7026124066445404e-16 6.7892217889892333e-16 -1.3872354492855557e-17 1 -0.70710678118654646 0.70710678118654868 4.8987971253029624e-16 
1 33392.729004813176 -15722.999999999998 6848.6218616534734 0.70710678118654635 -0.70710678118654879 -5.5685398637164811e-16 7.6790888210984862e-16 -1.9601577678460231e-17 1 -0.70710678118654879 -0.70710678118654635 5.2913316937486195e-16 
1 33392.729004813176 -15722.999999999998 6863.6218616534734 0.70710678118654868 0.70710678118654646 -4.7026124066445404e-16 -7.6790888210984743e-16 1.0285905770377998e-16 -1 -0.70710678118654646 0.70710678118654868 6.1572591508205474e-16 
1 33361.616306440963 -15748 6888.6218616534734 -0.70710678118654735 6.9147580158066023e-16 0.70710678118654757 -1.568204433198565e-15 -1 -5.9030997655038771e-16 0.70710678118654768 -1.5263001764223627e-15 0.70710678118654746 
1 33377.172655627073 -15748 6873.0655124673694 -0.70710678118654779 7.780685472878543e-16 -0.70710678118654735 -1.6793556709184271e-15 -1 5.7900057888801234e-16 -0.70710678118654735 1.5968990185731539e-15 0.70710678118654779 
1 33392.729004813176 -15748 6888.6218616534734 0.70710678118654713 -6.9147580158066003e-16 -0.70710678118654779 -1.5682044331985656e-15 -1 -5.9030997655038771e-16 -0.70710678118654791 1.5263001764223635e-15 -0.70710678118654724 
1 33392.729004813176 -15748 6888.6218616534734 0.70710678118654791 -7.780685472878544e-16 0.70710678118654724 -0.70710678118654724 6.9147580158066013e-16 0.70710678118654791 -1.039124774339296e-15 -1 -6.1230317691118851e-17 
3 33458.285353999279 -15748 6863.6218616534734 1 -1.039124774339296e-15 -7.2628014209718831e-16 1.039124774339296e-15 1 -6.1234362223615644e-17 7.2628014209718841e-16 6.1234362223614892e-17 1 40.556349186104057
0.78539816339744839
3 33342.729004813176 -15748 6863.6218616534743 -1 1.0391247743392958e-15 7.2628014209718821e-16 -1.039124774339296e-15 -1 -1.83694997605855e-16 7.2628014209718801e-16 -1.8369499760585574e-16 1 25.000000000000014
0.78539816339744817
1 33012.729004813176 -15963 6888.6218616534734 -2.1437387455469636e-15 -1 -6.1230317691118863e-17 -0.70710678118654713 1.4725558312150029e-15 0.70710678118654802 -0.70710678118654802 1.5591485769221986e-15 -0.70710678118654713 
1 32997.172655627066 -15748 6904.1782108395773 -0.70710678118654735 6.9147580158066023e-16 0.70710678118654757 -0.70710678118654768 7.7806854728785401e-16 -0.70710678118654746 -1.039124774339296e-15 -1 -6.1230317691118764e-17 
1 32981.61630644097 -15963 6888.6218616534734 -0.70710678118654791 7.780685472878544e-16 -0.70710678118654724 1.6186933273295008e-15 1 -5.1833823529908653e-16 0.70710678118654724 -1.511109509544358e-15 -0.70710678118654791 
1 32997.172655627066 -15963 6873.0655124673694 0.70710678118654724 -6.9147580158066013e-16 -0.70710678118654768 1.5631920754504846e-15 1 5.852976188023069e-16 0.70710678118654779 -1.5192116321155614e-15 0.70710678118654735 
1 33012.729004813176 -15963 6888.6218616534734 0.70710678118654802 -7.780685472878545e-16 0.70710678118654713 1.6186933273295012e-15 1 -5.1833823529908663e-16 -0.70710678118654713 1.5111095095443582e-15 0.70710678118654802 
1 32997.172655627066 -15707.443650813895 6863.6218616534743 -0.70710678118654635 0.70710678118654879 5.5685398637164811e-16 -3.6314007104859356e-16 4.2437038873971381e-16 -1 -0.70710678118654879 -0.70710678118654635 -4.3296372853596789e-17 
1 32981.61630644097 -15722.999999999998 6863.6218616534743 -0.70710678118654879 -0.70710678118654635 4.7026124066445414e-16 -3.631400710485945e-16 -3.019097533574745e-16 -1 0.70710678118654635 -0.70710678118654879 -4.329637285359674e-17 
1 32997.172655627066 -15738.556349186103 6863.6218616534743 0.70710678118654635 -0.70710678118654879 -5.5685398637164811e-16 -3.6314007104859356e-16 4.2437038873971381e-16 -1 0.70710678118654879 0.70710678118654635 4.3296372853596789e-17 
1 33012.729004813176 -15722.999999999998 6863.6218616534743 0.70710678118654879 0.70710678118654635 -4.7026124066445414e-16 -3.631400710485945e-16 -3.019097533574745e-16 -1 -0.70710678118654635 0.70710678118654879 4.329637285359674e-17 
3 33031.61630644097 -15748 6863.6218616534734 1 -1.039124774339296e-15 -7.2628014209718831e-16 1.039124774339296e-15 1 -6.1234362223615657e-17 7.2628014209718841e-16 6.1234362223614905e-17 1 25.000000000000014
0.78539816339744817
3 32916.05995725486 -15748 6863.6218616534743 -1 1.0391247743392958e-15 7.2628014209718821e-16 -1.039124774339296e-15 -1 -1.83694997605855e-16 7.2628014209718801e-16 -1.8369499760585574e-16 1 40.556349186104057
0.78539816339744817
1 33361.616306440963 -15722.999999999998 6848.6218616534734 -0.70710678118654635 0.70710678118654879 5.5685398637164811e-16 5.9443653451216791e-16 -1.930739252761403e-16 1 0.70710678118654879 0.70710678118654635 -2.8380622270552258e-16 
1 33022.172655627073 -15738.556349186103 6823.6218616534743 -1.515852204068601e-15 -0.70710678118654757 0.70710678118654746 1 -1.9755987822156857e-15 1.6813996333127836e-16 1.278066387548592e-15 0.70710678118654746 0.70710678118654757 
1 33022.172655627073 -15722.999999999998 6808.0655124673704 -1.5158522040686004e-15 -0.70710678118654746 -0.70710678118654757 1 -1.207264737670574e-15 -9.3647400787638908e-16 -1.9147796131992224e-16 -0.70710678118654757 0.70710678118654746 
1 33352.172655627073 -15707.443650813895 6823.6218616534734 1.515852204068601e-15 0.70710678118654757 -0.70710678118654746 -1.5158522040686004e-15 -0.70710678118654746 -0.70710678118654757 -1 2.1437387455469636e-15 -1.9721522630525295e-31 
3 33352.172655627066 -15688.556349186103 6848.6218616534743 2.1437387455469636e-15 1 6.1230317691118863e-17 -1 2.1437387455469636e-15 6.0381546218245267e-16 6.0381546218245257e-16 -6.1230317691120157e-17 1 24.999999999999982
0.78539816339744817
3 33352.172655627066 -15804.112698372206 6848.6218616534734 -2.1437387455469636e-15 -1 -6.1230317691118875e-17 1 -2.1437387455469636e-15 -8.4874482201192356e-16 8.4874482201192346e-16 -6.1230317691120699e-17 1 40.556349186104029
0.78539816339744817
1 32997.172655627066 -15707.443650813895 6863.6218616534743 -0.70710678118654635 0.70710678118654879 5.5685398637164811e-16 -3.6314007104859356e-16 4.2437038873971381e-16 -1 -0.70710678118654879 -0.70710678118654635 -4.3296372853596789e-17 
1 32981.61630644097 -15722.999999999998 6863.6218616534743 -0.70710678118654879 -0.70710678118654635 4.7026124066445414e-16 -3.631400710485945e-16 -3.019097533574745e-16 -1 0.70710678118654635 -0.70710678118654879 -4.329637285359674e-17 
1 32997.172655627066 -15738.556349186103 6863.6218616534743 0.70710678118654635 -0.70710678118654879 -5.5685398637164811e-16 -3.6314007104859356e-16 4.2437038873971381e-16 -1 0.70710678118654879 0.70710678118654635 4.3296372853596789e-17 
1 33377.172655627073 -15738.556349186103 6848.6218616534734 -0.70710678118654868 -0.70710678118654646 4.7026124066445404e-16 6.7892217889892333e-16 -1.3872354492855557e-17 1 -0.70710678118654646 0.70710678118654868 4.8987971253029624e-16 
1 33012.729004813176 -15722.999999999998 6863.6218616534743 0.70710678118654879 0.70710678118654635 -4.7026124066445414e-16 -3.631400710485945e-16 -3.019097533574745e-16 -1 -0.70710678118654635 0.70710678118654879 4.329637285359674e-17 
1 33392.729004813176 -15722.999999999998 6848.6218616534734 0.70710678118654635 -0.70710678118654879 -5.5685398637164811e-16 7.6790888210984862e-16 -1.9601577678460231e-17 1 -0.70710678118654879 -0.70710678118654635 5.2913316937486195e-16 
1 33392.729004813176 -15722.999999999998 6863.6218616534734 0.70710678118654868 0.70710678118654646 -4.7026124066445404e-16 -7.6790888210984743e-16 1.0285905770377998e-16 -1 -0.70710678118654646 0.70710678118654868 6.1572591508205474e-16 
3 33022.172655627066 -15688.556349186103 6848.6218616534743 2.1437387455469636e-15 1 6.1230317691118863e-17 -1 2.1437387455469636e-15 6.0381546218245277e-16 6.0381546218245277e-16 -6.1230317691120157e-17 1 25.000000000000014
0.78539816339744817
3 33022.172655627066 -15804.112698372206 6848.6218616534734 -2.1437387455469636e-15 -1 -6.1230317691118875e-17 1 -2.1437387455469636e-15 -8.4874482201192346e-16 8.4874482201192336e-16 -6.1230317691120699e-17 1 40.556349186104057
0.78539816339744817
1 33022.172655627073 -15722.999999999998 6839.1782108395782 1.5158522040686008e-15 0.70710678118654757 0.70710678118654746 1 -1.2177782132825553e-15 -9.2596053226440853e-16 2.0634626111806437e-16 0.70710678118654746 -0.70710678118654757 
Triangulations 0

TShapes 418
Ve
1e-07
33377.1726556271 -15963 6904.17821083958
0 0

0101101
*
Ve
1e-07
33361.616306441 -15963 6888.62186165347
0 0

0101101
*
Ed
 1e-07 1 1 0
1  1 0 0 22.0000000000044
0

0101000
+418 0 -417 0 *
Ve
1e-07
33377.1726556271 -15963 6873.06551246737
0 0

0101101
*
Ed
 1e-07 1 1 0
1  2 0 0 22.0000000000044
0

0101000
+417 0 -415 0 *
Ve
1e-07
33392.7290048132 -15963 6888.62186165347
0 0

0101101
*
Ed
 1e-07 1 1 0
1  3 0 0 21.9999999999992
0

0101000
+415 0 -413 0 *
Ed
 1e-07 1 1 0
1  4 0 0 21.9999999999992
0

0101000
+413 0 -418 0 *
Wi

0101000
+416 0 +414 0 +412 0 +411 0 *
Ve
1e-07
33376.6726556271 -15963 6888.62186165347
0 0

0101101
*
Ed
 1e-07 1 1 0
1  5 0 0 6.28318530717959
0

0101000
+409 0 -409 0 *
Wi

0101000
+408 0 *
Fa
0  1e-07 1 0

0111000
+410 0 +407 0 *
Sh

0101000
+406 0 *
Ve
1e-07
33361.616306441 -15723 6848.62186165347
0 0

0101101
*
Ve
1e-07
33361.616306441 -15723 6863.62186165347
0 0

0101101
*
Ed
 1e-07 1 1 0
1  6 0 0 15
0

0101000
+404 0 -403 0 *
Ve
1e-07
33377.1726556271 -15707.4436508139 6863.62186165347
0 0

0101101
*
Ed
 1e-07 1 1 0
1  7 0 0 22.0000000000037
0

0101000
+403 0 -401 0 *
Ve
1e-07
33377.1726556271 -15707.4436508139 6848.62186165347
0 0

0101101
*
Ed
 1e-07 1 1 0
1  8 0 0 15
0

0101000
+401 0 -399 0 *
Ed
 1e-07 1 1 0
1  9 0 0 22.0000000000037
0

0101000
+399 0 -404 0 *
Wi

0101000
+402 0 +400 0 +398 0 +397 0 *
Fa
0  1e-07 2 0

0111000
+396 0 *
Sh

0101000
+395 0 *
Ve
1e-07
33377.1726556271 -15738.5563491861 6848.62186165347
0 0

0101101
*
Ve
1e-07
33377.1726556271 -15738.5563491861 6863.62186165347
0 0

0101101
*
Ed
 1e-07 1 1 0
1  10 0 0 15
0

0101000
+393 0 -392 0 *
Ve
1e-07
33361.616306441 -15723 6863.62186165347
0 0

0101101
*
Ed
 1e-07 1 1 0
1  11 0 0 22.000000000005
0

0101000
+392 0 -390 0 *
Ve
1e-07
33361.616306441 -15723 6848.62186165347
0 0

0101101
*
Ed
 1e-07 1 1 0
1  12 0 0 15
0

0101000
+390 0 -388 0 *
Ed
 1e-07 1 1 0
1  13 0 0 22.000000000005
0

0101000
+388 0 -393 0 *
Wi

0101000
+391 0 +389 0 +387 0 +386 0 *
Fa
0  1e-07 3 0

0111000
+385 0 *
Sh

0101000
+384 0 *
Ve
1e-07
33392.7290048132 -15723 6848.62186165347
0 0

0101101
*
Ve
1e-07
33392.7290048132 -15723 6863.62186165347
0 0

0101101
*
Ed
 1e-07 1 1 0
1  14 0 0 15
0

0101000
+382 0 -381 0 *
Ve
1e-07
33377.1726556271 -15738.5563491861 6863.62186165347
0 0

0101101
*
Ed
 1e-07 1 1 0
1  15 0 0 21.9999999999999
0

0101000
+381 0 -379 0 *
Ve
1e-07
33377.1726556271 -15738.5563491861 6848.62186165347
0 0

0101101
*
Ed
 1e-07 1 1 0
1  16 0 0 15
0

0101000
+379 0 -377 0 *
Ed
 1e-07 1 1 0
1  17 0 0 21.9999999999999
0

0101000
+377 0 -382 0 *
Wi

0101000
+380 0 +378 0 +376 0 +375 0 *
Fa
0  1e-07 4 0

0111000
+374 0 *
Sh

0101000
+373 0 *
Ve
1e-07
33392.7290048132 -15723 6863.62186165347
0 0

0101101
*
Ve
1e-07
33392.7290048132 -15723 6848.62186165347
0 0

0101101
*
Ed
 1e-07 1 1 0
1  18 0 0 15
0

0101000
+371 0 -370 0 *
Ve
1e-07
33377.1726556271 -15707.4436508139 6848.62186165347
0 0

0101101
*
Ed
 1e-07 1 1 0
1  19 0 0 21.9999999999986
0

0101000
+370 0 -368 0 *
Ve
1e-07
33377.1726556271 -15707.4436508139 6863.62186165347
0 0

0101101
*
Ed
 1e-07 1 1 0
1  20 0 0 15
0

0101000
+368 0 -366 0 *
Ed
 1e-07 1 1 0
1  21 0 0 21.9999999999986
0

0101000
+366 0 -371 0 *
Wi

0101000
+369 0 +367 0 +365 0 +364 0 *
Fa
0  1e-07 5 0

0111000
+363 0 *
Sh

0101000
+362 0 *
Ve
1e-07
33361.616306441 -15748 6888.62186165347
0 0

0101101
*
Ve
1e-07
33361.616306441 -15963 6888.62186165347
0 0

0101101
*
Ed
 1e-07 1 1 0
1  22 0 0 215
0

0101000
+360 0 -359 0 *
Ve
1e-07
33377.1726556271 -15963 6904.17821083958
0 0

0101101
*
Ed
 1e-07 1 1 0
1  23 0 0 22.0000000000044
0

0101000
+359 0 -357 0 *
Ve
1e-07
33377.1726556271 -15748 6904.17821083958
0 0

0101101
*
Ed
 1e-07 1 1 0
1  24 0 0 215
0

0101000
+357 0 -355 0 *
Ed
 1e-07 1 1 0
1  25 0 0 22.0000000000044
0

0101000
+355 0 -360 0 *
Wi

0101000
+358 0 +356 0 +354 0 +353 0 *
Fa
0  1e-07 6 0

0111000
+352 0 *
Sh

0101000
+351 0 *
Ve
1e-07
33377.1726556271 -15748 6873.06551246737
0 0

0101101
*
Ve
1e-07
33377.1726556271 -15963 6873.06551246737
0 0

0101101
*
Ed
 1e-07 1 1 0
1  26 0 0 215
0

0101000
+349 0 -348 0 *
Ve
1e-07
33361.616306441 -15963 6888.62186165347
0 0

0101101
*
Ed
 1e-07 1 1 0
1  27 0 0 22.0000000000044
0

0101000
+348 0 -346 0 *
Ve
1e-07
33361.616306441 -15748 6888.62186165347
0 0

0101101
*
Ed
 1e-07 1 1 0
1  28 0 0 215
0

0101000
+346 0 -344 0 *
Ed
 1e-07 1 1 0
1  29 0 0 22.0000000000044
0

0101000
+344 0 -349 0 *
Wi

0101000
+347 0 +345 0 +343 0 +342 0 *
Fa
0  1e-07 7 0

0111000
+341 0 *
Sh

0101000
+340 0 *
Ve
1e-07
33392.7290048132 -15748 6888.62186165347
0 0

0101101
*
Ve
1e-07
33392.7290048132 -15963 6888.62186165347
0 0

0101101
*
Ed
 1e-07 1 1 0
1  30 0 0 215
0

0101000
+338 0 -337 0 *
Ve
1e-07
33377.1726556271 -15963 6873.06551246737
0 0

0101101
*
Ed
 1e-07 1 1 0
1  31 0 0 21.9999999999992
0

0101000
+337 0 -335 0 *
Ve
1e-07
33377.1726556271 -15748 6873.06551246737
0 0

0101101
*
Ed
 1e-07 1 1 0
1  32 0 0 215
0

0101000
+335 0 -333 0 *
Ed
 1e-07 1 1 0
1  33 0 0 21.9999999999992
0

0101000
+333 0 -338 0 *
Wi

0101000
+336 0 +334 0 +332 0 +331 0 *
Fa
0  1e-07 8 0

0111000
+330 0 *
Sh

0101000
+329 0 *
Ve
1e-07
33392.7290048132 -15748 6888.62186165347
0 0

0101101
*
Ve
1e-07
33377.1726556271 -15748 6904.17821083958
0 0

0101101
*
Ed
 1e-07 1 1 0
1  34 0 0 21.9999999999992
0

0101000
+327 0 -326 0 *
Ve
1e-07
33377.1726556271 -15963 6904.17821083958
0 0

0101101
*
Ed
 1e-07 1 1 0
1  35 0 0 215
0

0101000
+326 0 -324 0 *
Ve
1e-07
33392.7290048132 -15963 6888.62186165347
0 0

0101101
*
Ed
 1e-07 1 1 0
1  36 0 0 21.9999999999992
0

0101000
+324 0 -322 0 *
Ed
 1e-07 1 1 0
1  37 0 0 215
0

0101000
+322 0 -327 0 *
Wi

0101000
+325 0 +323 0 +321 0 +320 0 *
Fa
0  1e-07 9 0

0111000
+319 0 *
Sh

0101000
+318 0 *
Ve
22.0002200000011
33361.616306441 -15748 6888.62186165347
0 0

0101101
*
Ve
22.0002200000011
33361.616306441 -15748 6888.62186165347
0 0

0101101
*
Ed
 22.0002200000011 1 1 0
1  38 0 0 22.0000000000044
2  1 10 0 0 22.0000000000044
0

0101000
+316 0 -315 0 *
Wi

0101000
-314 0 *
Ve
22.000220000005
33361.616306441 -15723 6863.62186165347
0 0

0101101
*
Ve
22.000220000005
33361.616306441 -15723 6863.62186165347
0 0

0101101
*
Ed
 22.000220000005 1 1 0
1  39 0 0 22.0000000000037
2  2 10 0 0 22.0000000000037
0

0101000
+312 0 -311 0 *
Wi

0101000
-310 0 *
Fa
0  1e-07 10 0

0111000
+313 0 +309 0 *
Sh

0101000
+308 0 *
Ve
22.0002199999999
33377.1726556271 -15707.4436508139 6863.62186165347
0 0

0101101
*
Ve
22.0002199999999
33377.1726556271 -15707.4436508139 6863.62186165347
0 0

0101101
*
Ed
 22.0002199999999 1 1 0
1  40 0 0 21.9999999999986
2  3 11 0 0 21.9999999999986
0

0101000
+306 0 -305 0 *
Wi

0101000
-304 0 *
Ve
22.0002199999986
33377.1726556271 -15748 6904.17821083958
0 0

0101101
*
Ve
22.0002199999986
33377.1726556271 -15748 6904.17821083958
0 0

0101101
*
Ed
 22.0002199999986 1 1 0
1  41 0 6.43109871076838e-13 21.9999999999992
2  4 11 0 6.43109871076838e-13 21.9999999999992
0

0101000
+302 0 -301 0 *
Wi

0101000
-300 0 *
Fa
0  1e-07 11 0

0111000
+303 0 +299 0 *
Sh

0101000
+298 0 *
Ve
1e-07
33012.7290048132 -15963 6888.62186165347
0 0

0101101
*
Ve
1e-07
32997.1726556271 -15963 6904.17821083958
0 0

0101101
*
Ed
 1e-07 1 1 0
1  42 0 0 22.0000000000044
0

0101000
+296 0 -295 0 *
Ve
1e-07
32981.616306441 -15963 6888.62186165347
0 0

0101101
*
Ed
 1e-07 1 1 0
1  43 0 0 21.9999999999992
0

0101000
+295 0 -293 0 *
Ve
1e-07
32997.1726556271 -15963 6873.06551246737
0 0

0101101
*
Ed
 1e-07 1 1 0
1  44 0 -5.14487896861529e-12 21.9999999999992
0

0101000
+293 0 -291 0 *
Ed
 1e-07 1 1 0
1  45 0 5.14487896861529e-12 22.0000000000044
0

0101000
+291 0 -296 0 *
Wi

0101000
+294 0 +292 0 +290 0 +289 0 *
Ve
1e-07
32996.6726556271 -15963 6888.62186165347
0 0

0101101
*
Ed
 1e-07 1 1 0
1  46 0 0 6.28318530717959
0

0101000
+287 0 -287 0 *
Wi

0101000
+286 0 *
Fa
0  1e-07 12 0

0111000
+288 0 +285 0 *
Sh

0101000
+284 0 *
Ve
1e-07
32997.1726556271 -15748 6904.17821083958
0 0

0101101
*
Ve
1e-07
32981.616306441 -15748 6888.62186165347
0 0

0101101
*
Ed
 1e-07 1 1 0
1  47 0 0 21.9999999999992
0

0101000
+282 0 -281 0 *
Ve
1e-07
32981.616306441 -15963 6888.62186165347
0 0

0101101
*
Ed
 1e-07 1 1 0
1  48 0 0 215
0

0101000
+281 0 -279 0 *
Ve
1e-07
32997.1726556271 -15963 6904.17821083958
0 0

0101101
*
Ed
 1e-07 1 1 0
1  49 0 0 21.9999999999992
0

0101000
+279 0 -277 0 *
Ed
 1e-07 1 1 0
1  50 0 0 215
0

0101000
+277 0 -282 0 *
Wi

0101000
+280 0 +278 0 +276 0 +275 0 *
Fa
0  1e-07 13 0

0111000
+274 0 *
Sh

0101000
+273 0 *
Ve
1e-07
32981.616306441 -15963 6888.62186165347
0 0

0101101
*
Ve
1e-07
32981.616306441 -15748 6888.62186165347
0 0

0101101
*
Ed
 1e-07 1 1 0
1  51 0 0 215
0

0101000
+271 0 -270 0 *
Ve
1e-07
32997.1726556271 -15748 6873.06551246737
0 0

0101101
*
Ed
 1e-07 1 1 0
1  52 0 0 21.9999999999992
0

0101000
+270 0 -268 0 *
Ve
1e-07
32997.1726556271 -15963 6873.06551246737
0 0

0101101
*
Ed
 1e-07 1 1 0
1  53 0 0 215
0

0101000
+268 0 -266 0 *
Ed
 1e-07 1 1 0
1  54 0 0 21.9999999999941
0

0101000
+266 0 -271 0 *
Wi

0101000
+269 0 +267 0 +265 0 +264 0 *
Fa
0  1e-07 14 0

0111000
+263 0 *
Sh

0101000
+262 0 *
Ve
1e-07
32997.1726556271 -15963 6873.06551246737
0 0

0101101
*
Ve
1e-07
32997.1726556271 -15748 6873.06551246737
0 0

0101101
*
Ed
 1e-07 1 1 0
1  55 0 0 215
0

0101000
+260 0 -259 0 *
Ve
1e-07
33012.7290048132 -15748 6888.62186165347
0 0

0101101
*
Ed
 1e-07 1 1 0
1  56 0 0 22.0000000000044
0

0101000
+259 0 -257 0 *
Ve
1e-07
33012.7290048132 -15963 6888.62186165347
0 0

0101101
*
Ed
 1e-07 1 1 0
1  57 0 0 215
0

0101000
+257 0 -255 0 *
Ed
 1e-07 1 1 0
1  58 0 0 22.0000000000044
0

0101000
+255 0 -260 0 *
Wi

0101000
+258 0 +256 0 +254 0 +253 0 *
Fa
0  1e-07 15 0

0111000
+252 0 *
Sh

0101000
+251 0 *
Ve
1e-07
33012.7290048132 -15963 6888.62186165347
0 0

0101101
*
Ve
1e-07
33012.7290048132 -15748 6888.62186165347
0 0

0101101
*
Ed
 1e-07 1 1 0
1  59 0 0 215
0

0101000
+249 0 -248 0 *
Ve
1e-07
32997.1726556271 -15748 6904.17821083958
0 0

0101101
*
Ed
 1e-07 1 1 0
1  60 0 0 22.0000000000044
0

0101000
+248 0 -246 0 *
Ve
1e-07
32997.1726556271 -15963 6904.17821083958
0 0

0101101
*
Ed
 1e-07 1 1 0
1  61 0 0 215
0

0101000
+246 0 -244 0 *
Ed
 1e-07 1 1 0
1  62 0 0 22.0000000000044
0

0101000
+244 0 -249 0 *
Wi

0101000
+247 0 +245 0 +243 0 +242 0 *
Fa
0  1e-07 16 0

0111000
+241 0 *
Sh

0101000
+240 0 *
Ve
1e-07
32997.1726556271 -15707.4436508139 6863.62186165347
0 0

0101101
*
Ve
1e-07
32997.1726556271 -15707.4436508139 6848.62186165347
0 0

0101101
*
Ed
 1e-07 1 1 0
1  63 0 0 15
0

0101000
+238 0 -237 0 *
Ve
1e-07
32981.616306441 -15723 6848.62186165347
0 0

0101101
*
Ed
 1e-07 1 1 0
1  64 0 0 21.9999999999986
0

0101000
+237 0 -235 0 *
Ve
1e-07
32981.616306441 -15723 6863.62186165347
0 0

0101101
*
Ed
 1e-07 1 1 0
1  65 0 0 15
0

0101000
+235 0 -233 0 *
Ed
 1e-07 1 1 0
1  66 0 0 21.9999999999934
0

0101000
+233 0 -238 0 *
Wi

0101000
+236 0 +234 0 +232 0 +231 0 *
Fa
0  1e-07 17 0

0111000
+230 0 *
Sh

0101000
+229 0 *
Ve
1e-07
32981.616306441 -15723 6863.62186165347
0 0

0101101
*
Ve
1e-07
32981.616306441 -15723 6848.62186165347
0 0

0101101
*
Ed
 1e-07 1 1 0
1  67 0 0 15
0

0101000
+227 0 -226 0 *
Ve
1e-07
32997.1726556271 -15738.5563491861 6848.62186165347
0 0

0101101
*
Ed
 1e-07 1 1 0
1  68 0 0 21.9999999999999
0

0101000
+226 0 -224 0 *
Ve
1e-07
32997.1726556271 -15738.5563491861 6863.62186165347
0 0

0101101
*
Ed
 1e-07 1 1 0
1  69 0 0 15
0

0101000
+224 0 -222 0 *
Ed
 1e-07 1 1 0
1  70 0 0 21.9999999999947
0

0101000
+222 0 -227 0 *
Wi

0101000
+225 0 +223 0 +221 0 +220 0 *
Fa
0  1e-07 18 0

0111000
+219 0 *
Sh

0101000
+218 0 *
Ve
1e-07
32997.1726556271 -15738.5563491861 6863.62186165347
0 0

0101101
*
Ve
1e-07
32997.1726556271 -15738.5563491861 6848.62186165347
0 0

0101101
*
Ed
 1e-07 1 1 0
1  71 0 0 15
0

0101000
+216 0 -215 0 *
Ve
1e-07
33012.7290048132 -15723 6848.62186165347
0 0

0101101
*
Ed
 1e-07 1 1 0
1  72 0 0 22.000000000005
0

0101000
+215 0 -213 0 *
Ve
1e-07
33012.7290048132 -15723 6863.62186165347
0 0

0101101
*
Ed
 1e-07 1 1 0
1  73 0 0 15
0

0101000
+213 0 -211 0 *
Ed
 1e-07 1 1 0
1  74 0 -0 22.000000000005
0

0101000
+211 0 -216 0 *
Wi

0101000
+214 0 +212 0 +210 0 +209 0 *
Fa
0  1e-07 19 0

0111000
+208 0 *
Sh

0101000
+207 0 *
Ve
1e-07
33012.7290048132 -15723 6863.62186165347
0 0

0101101
*
Ve
1e-07
33012.7290048132 -15723 6848.62186165347
0 0

0101101
*
Ed
 1e-07 1 1 0
1  75 0 0 15
0

0101000
+205 0 -204 0 *
Ve
1e-07
32997.1726556271 -15707.4436508139 6848.62186165347
0 0

0101101
*
Ed
 1e-07 1 1 0
1  76 0 0 22.0000000000037
0

0101000
+204 0 -202 0 *
Ve
1e-07
32997.1726556271 -15707.4436508139 6863.62186165347
0 0

0101101
*
Ed
 1e-07 1 1 0
1  77 0 0 15
0

0101000
+202 0 -200 0 *
Ed
 1e-07 1 1 0
1  78 0 0 22.0000000000037
0

0101000
+200 0 -205 0 *
Wi

0101000
+203 0 +201 0 +199 0 +198 0 *
Fa
0  1e-07 20 0

0111000
+197 0 *
Sh

0101000
+196 0 *
Ve
22.000219999996
32997.1726556271 -15707.4436508139 6863.62186165347
0 0

0101101
*
Ve
22.000219999996
32981.616306441 -15723 6863.62186165347
0 0

0101101
*
Ed
 22.000219999996 1 1 0
1  79 0 0 21.9999999999986
2  5 21 0 0 21.9999999999986
0

0101000
+194 0 -193 0 *
Wi

0101000
-192 0 *
Ve
22.0002199999986
32981.616306441 -15748 6888.62186165347
0 0

0101101
*
Ve
22.0002199999986
32997.1726556271 -15748 6904.17821083958
0 0

0101101
*
Ed
 22.0002199999986 1 1 0
1  80 0 6.43109871076838e-13 21.9999999999992
2  6 21 0 6.43109871076838e-13 21.9999999999992
0

0101000
+190 0 -189 0 *
Wi

0101000
-188 0 *
Fa
0  1e-07 21 0

0111000
+191 0 +187 0 *
Sh

0101000
+186 0 *
Ve
22.0002199999999
33012.7290048132 -15723 6863.62186165347
0 0

0101101
*
Ve
22.0002199999999
33012.7290048132 -15723 6863.62186165347
0 0

0101101
*
Ed
 22.0002199999999 1 1 0
1  81 0 0 22.0000000000037
2  7 22 0 0 22.0000000000037
0

0101000
+184 0 -183 0 *
Wi

0101000
-182 0 *
Ve
22.0002200000069
33012.7290048132 -15748 6888.62186165347
0 0

0101101
*
Ve
22.0002200000069
33012.7290048132 -15748 6888.62186165347
0 0

0101101
*
Ed
 22.0002200000069 1 1 0
1  82 0 0 22.0000000000037
2  8 22 0 0 22.0000000000037
0

0101000
+180 0 -179 0 *
Wi

0101000
-178 0 *
Fa
0  1e-07 22 0

0111000
+181 0 +177 0 *
Sh

0101000
+176 0 *
Ve
1e-07
33361.616306441 -15723 6848.62186165347
0 0

0101101
*
Ve
1e-07
33361.616306441 -15723 6863.62186165347
0 0

0101101
*
Ed
 1e-07 1 1 0
1  83 0 0 15
0

0101000
+174 0 -173 0 *
Ve
1e-07
33377.1726556271 -15707.4436508139 6863.62186165347
0 0

0101101
*
Ed
 1e-07 1 1 0
1  84 0 0 22.0000000000037
0

0101000
+173 0 -171 0 *
Ve
1e-07
33377.1726556271 -15707.4436508139 6848.62186165347
0 0

0101101
*
Ed
 1e-07 1 1 0
1  85 0 0 15
0

0101000
+171 0 -169 0 *
Ed
 1e-07 1 1 0
1  86 0 0 22.0000000000037
0

0101000
+169 0 -174 0 *
Wi

0101000
+172 0 +170 0 +168 0 +167 0 *
Fa
0  1e-07 23 0

0111000
+166 0 *
Sh

0101000
+165 0 *
Ve
1e-07
33022.1726556271 -15738.5563491861 6823.62186165347
0 0

0101101
*
Ve
1e-07
33352.1726556271 -15738.5563491861 6823.62186165347
0 0

0101101
*
Ed
 1e-07 1 1 0
1  87 0 0 330
0

0101000
+163 0 -162 0 *
Ve
1e-07
33352.1726556271 -15723 6839.17821083958
0 0

0101101
*
Ed
 1e-07 1 1 0
1  88 0 6.43109871076874e-13 22.0000000000005
0

0101000
+162 0 -160 0 *
Ve
1e-07
33022.1726556271 -15723 6839.17821083958
0 0

0101101
*
Ed
 1e-07 1 1 0
1  89 0 0 330
0

0101000
+160 0 -158 0 *
Ed
 1e-07 1 1 0
1  90 0 6.43109871076874e-13 22.0000000000005
0

0101000
+158 0 -163 0 *
Wi

0101000
+161 0 +159 0 +157 0 +156 0 *
Fa
0  1e-07 24 0

0111000
+155 0 *
Sh

0101000
+154 0 *
Ve
1e-07
33022.1726556271 -15723 6808.06551246737
0 0

0101101
*
Ve
1e-07
33352.1726556271 -15723 6808.06551246737
0 0

0101101
*
Ed
 1e-07 1 1 0
1  91 0 0 330
0

0101000
+152 0 -151 0 *
Ve
1e-07
33352.1726556271 -15738.5563491861 6823.62186165347
0 0

0101101
*
Ed
 1e-07 1 1 0
1  92 0 0 22.0000000000005
0

0101000
+151 0 -149 0 *
Ve
1e-07
33022.1726556271 -15738.5563491861 6823.62186165347
0 0

0101101
*
Ed
 1e-07 1 1 0
1  93 0 0 330
0

0101000
+149 0 -147 0 *
Ed
 1e-07 1 1 0
1  94 0 6.43109871076874e-13 22.0000000000005
0

0101000
+147 0 -152 0 *
Wi

0101000
+150 0 +148 0 +146 0 +145 0 *
Fa
0  1e-07 25 0

0111000
+144 0 *
Sh

0101000
+143 0 *
Ve
1e-07
33352.1726556271 -15707.4436508139 6823.62186165347
0 0

0101101
*
Ve
1e-07
33352.1726556271 -15723 6808.06551246737
0 0

0101101
*
Ed
 1e-07 1 1 0
1  95 0 0 21.9999999999992
0

0101000
+141 0 -140 0 *
Ve
1e-07
33022.1726556271 -15723 6808.06551246737
0 0

0101101
*
Ed
 1e-07 1 1 0
1  96 0 0 330
0

0101000
+140 0 -138 0 *
Ve
1e-07
33022.1726556271 -15707.4436508139 6823.62186165347
0 0

0101101
*
Ed
 1e-07 1 1 0
1  97 0 0 21.9999999999992
0

0101000
+138 0 -136 0 *
Ed
 1e-07 1 1 0
1  98 0 0 330
0

0101000
+136 0 -141 0 *
Wi

0101000
+139 0 +137 0 +135 0 +134 0 *
Fa
0  1e-07 26 0

0111000
+133 0 *
Sh

0101000
+132 0 *
Ve
22.0002200000076
33392.7290048132 -15723 6848.62186165347
0 0

0101101
*
Ve
22.0002200000076
33392.7290048132 -15723 6848.62186165347
0 0

0101101
*
Ed
 22.0002200000076 1 1 0
1  99 0 0 21.9999999999999
2  9 27 0 0 21.9999999999999
0

0101000
+130 0 -129 0 *
Wi

