DBRep_DrawableShape

CASCADE Topology V1, (c) Matra-Datavision
Locations 3
1
              1 -1.54074395551e-033 -1.232595164408e-032               0 
1.54074395551e-033               1               0               0 
1.232595164408e-032 -1.89911354915248e-065               1               0 
1
              1 8.32780898357855e-017 4.49036454343334e-017              77 
-7.38224031009724e-017 0.983627595442856 -0.180213078002974 1.069589785563e-014 
-5.9176265684707e-017 0.180213078002974 0.983627595442856 -1.167834896389e-014 
2  1 1 2 1 0
Curve2ds 316
1 0 5.0242958677890256e-015 1 -7.9964152291489689e-016 
1 7.8539816339739996 9.0999999999999996 -1 0 
1 6.2831853071800001 -2.3597606086866876e-015 0 1 
1 0 -2.3597606086866876e-015 0 1 
1 10.995574287564001 0.14142135623724611 -1 7.9513867036556779e-016 
1 3.1415926535900001 2.0364982756252916e-015 1.5700924586842576e-014 1 
1 3.1415926535900001 2.0364982756252916e-015 1.5700924586842576e-014 1 
1 -2.2204460492499999e-015 -3.5498740734925218e-029 1 -3.9982076145708419e-016 
1 7.8539816339739996 9.0999999999999996 -1 0 
1 6.2831853071800001 1.7763568393999998e-015 0 1 
1 0 1.7763568393999998e-015 0 1 
1 4.7123889803849996 11.9 1 0 
1 0 6.280369834732813e-016 1 1.5992830458291852e-015 
1 -1.570796326795 11.9 1 0 
1 -8.8817841970012523e-016 6.9084068182032474e-015 1 -1.1994622843710867e-015 
1 3.1415926535900001 1.7763568393999998e-015 0 1 
1 3.1415926535900001 1.7763568393999998e-015 0 1 
1 7.8539816339739996 9.0999999999999996 -1 0 
1 6.6613381477510004e-016 1.2560739669464212e-015 1 -7.9964152291430988e-016 
1 6.2831853071800001 9.9593253071998973e-016 0 1 
1 0 9.9593253071998973e-016 0 1 
1 7.8539816339739996 0.14142135623724611 -1 -4.0640420929799775e-016 
1 3.1415926535900001 -1.5162154031735599e-015 -1.5700924586842576e-014 1 
1 3.1415926535900001 -1.5162154031735599e-015 -1.5700924586842576e-014 1 
1 0 3.7682219008388392e-015 1 -7.9964152291430988e-016 
1 -1.570796326795 11.9 1 0 
1 0 5.0242958677858331e-015 1 -7.9964152291429923e-016 
1 7.8539816339739996 9.0999999999999996 -1 0 
1 6.2831853071800001 -3.1401849173656995e-016 0 1 
1 0 -3.1401849173656995e-016 0 1 
1 10.995574287564001 0.14142135623724611 -1 9.718361526689961e-017 
1 3.1415926535900001 -3.1401849173656995e-016 0 1 
1 3.1415926535900001 -3.1401849173656995e-016 0 1 
1 0 -4.082240392575409e-015 1 1.099507094007123e-015 
1 7.8539816339739996 9.0999999999999996 -1 0 
1 6.2831853071800001 0 0 1 
1 0 0 0 1 
1 4.7123889803849996 11.9 1 0 
1 0 1.2560739669465626e-015 1 -8.9959671327858073e-016 
1 -1.570796326795 11.9 1 0 
1 0 0 1 0 
1 3.1415926535900001 0 0 1 
1 3.1415926535900001 0 0 1 
1 7.8539816339739996 9.0999999999999996 -1 0 
1 0 -9.4205547520985139e-016 1 9.9955190364271047e-017 
1 6.2831853071800001 1.5700924586828497e-016 0 1 
1 0 1.5700924586828497e-016 0 1 
1 7.8539816339739996 0.14142135623724611 -1 0 
1 3.1415926535900001 1.5700924586828497e-016 0 1 
1 3.1415926535900001 1.5700924586828497e-016 0 1 
1 0 3.1401849173671135e-016 1 2.9986557109281314e-016 
1 -1.570796326795 11.9 1 0 
1 0 6.2803698347322842e-015 1 -7.9964152291429834e-016 
1 7.8539816339739996 9.0999999999999996 -1 0 
1 6.2831853071800001 1.7763568393994257e-015 0 1 
1 0 1.7763568393994257e-015 0 1 
1 10.995574287564001 0.14142135623724611 -1 1.9436723053385577e-016 
1 3.1415926535900001 5.2028287245300452e-016 0 1 
1 3.1415926535900001 5.2028287245300452e-016 0 1 
1 0 -3.6484816866453276e-029 1 -3.9982076145708419e-016 
1 7.8539816339739996 9.0999999999999996 -1 0 
1 6.2831853071800001 -1.7763568393999998e-015 0 1 
1 0 -1.7763568393999998e-015 0 1 
1 4.7123889803849996 11.9 1 0 
1 0 1.2560739669465626e-015 1 1.199462284371394e-015 
1 -1.570796326795 11.9 1 0 
1 -8.8817841970012523e-016 8.1644807851519665e-015 1 -1.1994622843714468e-015 
1 3.1415926535900001 -1.7763568393999998e-015 0 1 
1 3.1415926535900001 -1.7763568393999998e-015 0 1 
1 7.8539816339739996 9.0999999999999996 -1 0 
1 8.8817841970009999e-016 2.5121479338925592e-015 1 -1.199462284371394e-015 
1 6.2831853071800001 1.0775411102023441e-016 0 1 
1 0 1.0775411102023441e-016 0 1 
1 7.8539816339739996 0.14142135623724611 -1 -2.0320210464892817e-016 
1 3.1415926535900001 2.2520064976666937e-015 0 1 
1 3.1415926535900001 2.2520064976666937e-015 0 1 
1 -2.2204460492499999e-015 4.3962588843119788e-015 1 -7.9964152291430988e-016 
1 -1.570796326795 11.9 1 0 
1 0 -7.5364438016809947e-015 1 1.1994622843718062e-015 
1 7.8539816339739996 9.0999999999999996 -1 0 
1 6.2831853071800001 -1.5700924586828497e-016 0 1 
1 0 -1.5700924586828497e-016 0 1 
1 10.995574287564001 0.14142135623724611 -1 0 
1 3.1415926535900001 -1.5700924586828497e-016 0 1 
1 3.1415926535900001 -1.5700924586828497e-016 0 1 
1 0 1.5700924586828496e-015 1 -8.9959671327858073e-016 
1 7.8539816339739996 9.0999999999999996 -1 0 
1 6.2831853071800001 1.7763568393999998e-015 0 1 
1 0 1.7763568393999998e-015 0 1 
1 4.7123889803849996 11.9 1 0 
1 0 1.8841109504194196e-015 1 -4.9977595182149674e-016 
1 -1.570796326795 11.9 1 0 
1 0 7.5364438016809947e-015 1 -1.1994622843718062e-015 
1 3.1415926535900001 1.7763568393999998e-015 0 1 
1 3.1415926535900001 1.7763568393999998e-015 0 1 
1 7.8539816339739996 9.0999999999999996 -1 0 
1 0 -2.8261664256291298e-015 1 4.9977595182149674e-016 
1 6.2831853071800001 3.1401849173656995e-016 0 1 
1 0 3.1401849173656995e-016 0 1 
1 7.8539816339739996 0.14142135623724611 -1 0 
1 3.1415926535900001 3.1401849173656995e-016 0 1 
1 3.1415926535900001 3.1401849173656995e-016 0 1 
1 0 -2.8261664256291298e-015 1 1.4993278554640656e-015 
1 -1.570796326795 11.9 1 0 
1 -1.7763568393999998e-015 0 1 0 
1 7.8539816339739996 9.0999999999999996 -1 0 
1 6.2831853071800001 7.3116917383142796e-016 0 1 
1 0 7.3116917383142796e-016 0 1 
1 10.995574287564001 0.14142135623724611 -1 -6.0077143983171214e-016 
1 3.1415926535900001 -1.996486982102534e-015 1.5700924586842576e-014 1 
1 3.1415926535900001 -1.996486982102534e-015 1.5700924586842576e-014 1 
1 0 2.9831756714981219e-015 1 -1.199462284371394e-015 
1 7.8539816339739996 9.0999999999999996 -1 0 
1 6.2831853071800001 -1.7763568393999998e-015 0 1 
1 0 -1.7763568393999998e-015 0 1 
1 4.7123889803849996 11.9 1 0 
1 0 1.7271017045518417e-015 1 -1.199462284371394e-015 
1 -1.570796326795 11.9 1 0 
1 8.8817841970012523e-016 -8.7925177686252023e-015 1 1.5992830458285975e-015 
1 3.1415926535900001 -1.7763568393999998e-015 0 1 
1 3.1415926535900001 -1.7763568393999998e-015 0 1 
1 7.8539816339739996 9.0999999999999996 -1 0 
1 -2.22044604925e-016 -4.5532681301809713e-015 1 1.199462284371394e-015 
1 6.2831853071800001 8.3892328485170473e-016 0 1 
1 0 8.3892328485170473e-016 0 1 
1 7.8539816339739996 0.14142135623724611 -1 1.9436723053385577e-016 
1 3.1415926535900001 6.8653595964540865e-016 0 1 
1 3.1415926535900001 6.8653595964540865e-016 0 1 
1 0 7.379434555810101e-015 1 -1.5992830458291852e-015 
1 -1.570796326795 11.9 1 0 
1 0 4.5532681301809082e-015 1 -6.9968633255001132e-016 
1 7.8539816339739996 9.0999999999999996 -1 0 
1 6.2831853071800001 -1.5700924586828497e-016 0 1 
1 0 -1.5700924586828497e-016 0 1 
1 10.995574287564001 0.14142135623724611 -1 -9.718361526689961e-017 
1 3.1415926535900001 -1.5700924586828497e-016 0 1 
1 3.1415926535900001 -1.5700924586828497e-016 0 1 
1 0 -4.5532681301809713e-015 1 1.199462284371394e-015 
1 7.8539816339739996 9.0999999999999996 -1 0 
1 6.2831853071800001 0 0 1 
1 0 0 0 1 
1 4.7123889803849996 11.9 1 0 
1 0 1.2560739669465626e-015 1 -8.9959671327858073e-016 
1 -1.570796326795 11.9 1 0 
1 0 0 1 0 
1 3.1415926535900001 0 0 1 
1 3.1415926535900001 0 0 1 
1 7.8539816339739996 9.0999999999999996 -1 0 
1 0 -7.8504622934156639e-016 1 -1.1236824566764033e-029 
1 6.2831853071800001 -2.2876966251402849e-029 0 1 
1 0 -2.2876966251402849e-029 0 1 
1 7.8539816339739996 0.14142135623724611 -1 0 
1 3.1415926535900001 3.1401849173656995e-016 0 1 
1 3.1415926535900001 3.1401849173656995e-016 0 1 
1 0 3.1401849173671135e-016 1 2.9986557109281314e-016 
1 -1.570796326795 11.9 1 0 
1 -8.8817841970012523e-016 6.9084068182077723e-015 1 -1.1994622843718069e-015 
1 7.8539816339739996 9.0999999999999996 -1 0 
1 6.2831853071800001 2.555195155644427e-016 0 1 
1 0 2.555195155644427e-016 0 1 
1 10.995574287564001 0.14142135623724611 -1 -1.9436723053385577e-016 
1 3.1415926535900001 1.0313219035817484e-016 0 1 
1 3.1415926535900001 1.0313219035817484e-016 0 1 
1 2.2204460492499999e-015 -8.3214900310198104e-015 1 1.9991038072854209e-015 
1 7.8539816339739996 9.0999999999999996 -1 0 
1 6.2831853071800001 1.7763568393999998e-015 0 1 
1 0 1.7763568393999998e-015 0 1 
1 4.7123889803849996 11.9 1 0 
1 0 1.0990647210781363e-015 1 -7.9964152291430988e-016 
1 -1.570796326795 11.9 1 0 
1 8.8817841970012523e-016 3.1401849173636998e-015 1 -3.9982076145667083e-016 
1 3.1415926535900001 1.7763568393999998e-015 0 1 
1 3.1415926535900001 1.7763568393999998e-015 0 1 
1 7.8539816339739996 9.0999999999999996 -1 0 
1 -2.22044604925e-016 -4.5532681301809713e-015 1 7.9964152291430988e-016 
1 6.2831853071800001 8.3892328485170473e-016 0 1 
1 0 8.3892328485170473e-016 0 1 
1 7.8539816339739996 0.14142135623724611 -1 -3.9756933518278389e-016 
1 3.1415926535900001 -1.5700924586828497e-016 0 1 
1 3.1415926535900001 -1.5700924586828497e-016 0 1 
1 2.2204460492499999e-015 -6.4373790806003909e-015 1 1.9991038072854209e-015 
1 -1.570796326795 11.9 1 0 
1 0 0 1 0 
1 7.8539816339739996 9.0999999999999996 -1 0 
1 6.2831853071800001 -1.5700924586828497e-016 0 1 
1 0 -1.5700924586828497e-016 0 1 
1 10.995574287564001 0.14142135623724611 -1 0 
1 3.1415926535900001 -1.5700924586828497e-016 0 1 
1 3.1415926535900001 -1.5700924586828497e-016 0 1 
1 0 -2.1981294421559898e-015 1 2.9986557109281314e-016 
1 7.8539816339739996 9.0999999999999996 -1 0 
1 0 0 1 0 
1 -1.570796326795 11.9 1 0 
1 6.2831853071800001 3.1401849173656995e-016 0 1 
1 0 3.1401849173656995e-016 0 1 
1 7.8539816339739996 0.14142135623724611 -1 0 
1 3.1415926535900001 3.1401849173656995e-016 0 1 
1 3.1415926535900001 3.1401849173656995e-016 0 1 
1 0 -3.1401849173656995e-016 1 2.9986557109281314e-016 
1 -1.570796326795 11.9 1 0 
1 6.2831853071800001 0 0 1 
1 0 0 0 1 
1 4.7123889803849996 11.9 1 0 
1 0 6.280369834732813e-016 1 -4.9977595182149674e-016 
1 3.1415926535900001 -1.7763568393999998e-015 0 1 
1 3.1415926535900001 -1.7763568393999998e-015 0 1 
1 7.8539816339739996 9.0999999999999996 -1 -1.1308638867429999e-015 
1 0 -2.8261664256291298e-015 1 4.9977595182149674e-016 
1 3.1415926535900001 -1.414213562372461 -1 0 
1 3.1415926535900001 0 0 1 
1 3.1415926535900001 0 0 1 
1 -3.1415926535900001 0 1 0 
1 -3.1415926535900001 -16 1 0 
1 0 -1.1102230246246765e-015 0 1 
1 6.2831853071800001 -1.1102230246246765e-015 0 1 
1 6.2831853071800001 1.570796326795 0 1 
1 0 1.570796326795 0 1 
1 6.2831853071800001 4.7123889803849996 -1 0 
1 3.1415926535900001 3.1415926535900001 0 1 
1 3.1415926535900001 3.1415926535900001 0 1 
1 0 3.1415926535900001 1 0 
1 9.4247779607689992 -8.5 -1 0 
1 6.2831853071800001 0 -1 0 
1 -3.1415926535900001 -7.5 1 0 
1 3.1415926535900001 -3.1415926535900001 0 1 
1 3.1415926535900001 -3.1415926535900001 0 1 
1 0 1.570796326795 1 0 
1 0 -4.7123889803849996 0 1 
1 6.2831853071800001 -4.7123889803849996 0 1 
1 6.2831853071800001 0 -1 0 
1 6.2831853071800001 -5.5 -1 0 
1 3.1415926535900001 0 0 1 
1 3.1415926535900001 0 0 1 
1 0 1.570796326795 1 0 
1 0 -1.570796326795 0 1 
1 6.2831853071800001 -1.570796326795 0 1 
1 3.1415926535900001 0 0 1 
1 3.1415926535900001 0 0 1 
1 3.1415926535900001 -8.5 -1 0 
1 0 3.1415926535900001 1 0 
1 0 0 0 1 
1 6.2831853071800001 0 0 1 
1 3.1415926535900001 0 0 1 
1 3.1415926535900001 0 0 1 
1 0 0 0 1 
1 6.2831853071800001 0 0 1 
1 0 -5 1 0 
1 3.1415926535900001 0 0 1 
1 3.1415926535900001 0 0 1 
1 0 1.2366894746659999e-015 1 -6.2775556238939992e-032 
1 0 0 0 1 
1 6.2831853071800001 0 0 1 
1 7.8539816339739996 0.14142135623724611 -1 0 
1 7.8539816339739996 0.14142135623724611 -1 0 
1 7.8539816339739996 0.14142135623724611 -1 0 
1 0 -5 1 0 
1 0 1.570796326795 1 0 
1 7.8539816339739996 0.14142135623724611 -1 0 
1 7.8539816339744828 0.14142135623730928 -1 2.0320210464908659e-016 
1 7.8539816339744828 0.14142135623730864 -1 2.0320210464911518e-016 
1 7.8539816339744846 0.14142135623730714 -1 3.975693351829393e-016 
1 7.8539816339744828 0.14142135623731467 -1 -8.0397354448094252e-016 
1 4.7123889803846915 0.14142135623730959 -1 -8.834874115176404e-017 
1 4.7123889803849996 0.14142135623724611 -1 0 
1 4.7123889803846906 0.14142135623730903 -1 8.8348741151764225e-017 
1 6.2831853071800001 4.7123889803849996 -1 0 
1 0 1.570796326795 1 0 
1 4.7123889803849996 0.14142135623724611 -1 0 
1 4.7123889803846897 0.14142135623730928 -1 2.1203697876426427e-016 
1 4.7123889803849996 0.14142135623724611 -1 0 
1 4.7123889803846915 0.14142135623731056 -1 -2.0320210464905787e-016 
1 4.7123889803849996 0.14142135623724611 -1 0 
1 0 9.2751710599970002e-016 1 0 
1 0.20135792079000001 0 0 -1 
1 2.7755575615630004e-017 -17 1 0 
1 6.0818273863889996 0 0 1 
1 0 1.2366894746659995e-015 1 6.2775556238935591e-032 
1 3.1415926535900001 -7.5 1 0 
1 6.2831853071800001 0 -1 0 
1 6.2831853071800001 -5.5 -1 0 
1 6.2831853071800001 0 -1 0 
1 3.1415926535900001 -16 1 0 
1 3.1415926535900001 0 1 0 
1 9.4247779607689992 -1.414213562372461 -1 0 
1 -1.570796326795 11.9 1 -1.1308638867429999e-015 
1 0 -9.4205547520985139e-016 1 4.9977595182149674e-016 
1 1.570796326795 9.0999999999999996 -1 0 
1 0 -1.2560739669465626e-015 1 -4.9977595182149674e-016 
1 2.22044604925e-016 -1.5700924586828497e-016 1 -1.4877806828626448e-029 
1 -1.570796326795 11.9 1 0 
1 1.570796326795 9.0999999999999996 -1 0 
1 0 -2.0411201962884117e-015 1 -7.9964152291430988e-016 
1 0 -1.5700924586828496e-015 1 8.9959671327858073e-016 
1 -1.570796326795 11.9 1 0 
1 1.570796326795 9.0999999999999996 -1 0 
1 0 -4.710277376049964e-016 1 -1.9991038072854209e-016 
1 2.22044604925e-016 -2.6691571797615517e-015 1 1.5992830458291852e-015 
1 -1.570796326795 11.9 1 0 
1 1.570796326795 9.0999999999999996 -1 0 
1 0 -1.5700924586828497e-016 1 -1.5992830458291852e-015 
1 0 3.1401849173671135e-016 1 4.9977595182149674e-016 
1 -1.570796326795 11.9 1 1.1308638867429999e-015 
1 1.570796326795 9.0999999999999996 -1 0 
1 0 -1.2560739669465626e-015 1 -4.9977595182149674e-016 
1 -1.110223024625e-015 4.3962588843119788e-015 1 -7.9964152291430988e-016 
1 -1.570796326795 11.9 1 0 
1 1.570796326795 9.0999999999999996 -1 0 
1 0 -6.280369834732813e-016 1 7.9964152291430988e-016 
1 0 -1.5700924586828496e-015 1 8.9959671327858073e-016 
1 -1.570796326795 11.9 1 0 
1 1.570796326795 9.0999999999999996 -1 0 
1 0 -6.280369834732813e-016 1 -9.9955190364271047e-017 
1 -6.6613381477510004e-016 5.0242958677865336e-015 1 -1.199462284371394e-015 
1 -1.570796326795 11.9 1 0 
1 1.570796326795 9.0999999999999996 -1 0 
1 0 -1.8841109504194196e-015 1 1.199462284371394e-015 
Curves 190
2 -7.9000000000000004 12.020815280171 -12.02081528017 -1 -3.6221796090770001e-017 -8.7447151375850004e-017 -8.744715137584993e-017 0.70710678118654757 0.70710678118654757 3.6221796090770229e-017 0.70710678118654757 -0.70710678118654757 1.5
1 -7.9000000000000004 13.081475451951 -10.96015510839 -0.70710678118677384 0.49999999999984007 0.49999999999984007 
2 -8 12.020815280171 -12.02081528017 1 1.2366894746660001e-016 0 8.744715137583578e-017 -0.70710678118654757 0.70710678118654757 8.744715137583578e-017 -0.70710678118654757 -0.70710678118654757 1.6000000000000001
1 -7.9000000000000004 10.960155108392 -13.08147545195 -0.70710678118677384 -0.49999999999984007 -0.49999999999984007 
2 -7.9000000000000004 12.020815280171 -12.02081528017 -1 -3.6221796090770001e-017 -8.7447151375850004e-017 -8.744715137584993e-017 0.70710678118654757 0.70710678118654757 3.6221796090770229e-017 0.70710678118654757 -0.70710678118654757 1.5
1 -17 13.081475451951 -13.08147545195 1 1.2366894746660001e-016 -2.4651903288159996e-032 
2 -5.0999999999999996 12.020815280171 -12.02081528017 1 3.6221796090770001e-017 8.7447151375850004e-017 8.744715137584993e-017 -0.70710678118654757 -0.70710678118654757 3.6221796090770229e-017 0.70710678118654757 -0.70710678118654757 1.5
2 -5.0999999999999996 12.020815280171 -12.02081528017 1 3.6221796090770001e-017 8.7447151375850004e-017 8.744715137584993e-017 -0.70710678118654757 -0.70710678118654757 3.6221796090770229e-017 0.70710678118654757 -0.70710678118654757 1.5
1 -17 10.960155108392 -10.96015510839 1 1.2366894746660001e-016 -2.4651903288159996e-032 
2 -7.9000000000000004 12.020815280171 -12.02081528017 -1 -3.6221796090770001e-017 -8.7447151375850004e-017 -8.744715137584993e-017 0.70710678118654757 0.70710678118654757 3.6221796090770229e-017 0.70710678118654757 -0.70710678118654757 1.5
1 -5.0999999999999996 10.960155108392 -13.08147545195 0.70710678118677384 -0.49999999999984007 -0.49999999999984007 
2 -5 12.020815280171 -12.02081528017 -1 -1.2366894746660001e-016 0 -8.744715137583578e-017 0.70710678118654757 -0.70710678118654757 8.744715137583578e-017 -0.70710678118654757 -0.70710678118654757 1.6000000000000001
1 -5.0999999999999996 13.081475451951 -10.96015510839 0.70710678118677384 0.49999999999984007 0.49999999999984007 
2 -5.0999999999999996 12.020815280171 -12.02081528017 1 3.6221796090770001e-017 8.7447151375850004e-017 8.744715137584993e-017 -0.70710678118654757 -0.70710678118654757 3.6221796090770229e-017 0.70710678118654757 -0.70710678118654757 1.5
2 -7.9000000000000004 1.7708856359600001e-013 -17 -1 -1.2366894746660001e-016 -1.2366894746660001e-016 -1.2366894746660144e-016 1 1.1564823173179999e-014 1.2366894746659858e-016 1.1564823173179999e-014 -1 1.5
1 -7.9000000000000004 1.5 -17 -0.70710678118654757 0.70710678118654757 7.3191032418613169e-015 
2 -8 1.7707619670129999e-013 -17 1 1.2366894746660001e-016 0 1.2953634668220913e-030 -1.047444401653e-014 1 1.2366894746660001e-016 -1 -1.047444401653e-014 1.6000000000000001
1 -7.9000000000000004 -1.5 -17 -0.70710678118654757 -0.70710678118654757 -7.5805931502361501e-015 
2 -7.9000000000000004 1.7708856359600001e-013 -17 -1 -1.2366894746660001e-016 -1.2366894746660001e-016 -1.2366894746660144e-016 1 1.1564823173179999e-014 1.2366894746659858e-016 1.1564823173179999e-014 -1 1.5
1 -17 1.9167484219889999e-013 -18.5 1 1.2366894746660001e-016 -2.4651903288159996e-032 
2 -5.0999999999999996 1.7743483664889999e-013 -17 1 1.2366894746660001e-016 1.2366894746660001e-016 1.2366894746660144e-016 -1 -1.1564823173179999e-014 1.2366894746659858e-016 1.1564823173179999e-014 -1 1.5
2 -5.0999999999999996 1.7743483664889999e-013 -17 1 1.2366894746660001e-016 1.2366894746660001e-016 1.2366894746660144e-016 -1 -1.1564823173179999e-014 1.2366894746659858e-016 1.1564823173179999e-014 -1 1.5
1 -17 1.6043520716909998e-013 -15.5 1 1.2366894746660001e-016 -2.4651903288159996e-032 
2 -7.9000000000000004 1.7708856359600001e-013 -17 -1 -1.2366894746660001e-016 -1.2366894746660001e-016 -1.2366894746660144e-016 1 1.1564823173179999e-014 1.2366894746659858e-016 1.1564823173179999e-014 -1 1.5
1 -5.0999999999999996 -1.5 -17 0.70710678118654757 -0.70710678118654757 -7.3191032418613169e-015 
2 -5 1.7744720354369997e-013 -17 -1 -1.2366894746660001e-016 0 -1.2953634668220913e-030 1.047444401653e-014 -1 1.2366894746660001e-016 -1 -1.047444401653e-014 1.6000000000000001
1 -5.0999999999999996 1.5 -17 0.70710678118654757 0.70710678118654757 7.4074019389892618e-015 
2 -5.0999999999999996 1.7743483664889999e-013 -17 1 1.2366894746660001e-016 1.2366894746660001e-016 1.2366894746660144e-016 -1 -1.1564823173179999e-014 1.2366894746659858e-016 1.1564823173179999e-014 -1 1.5
2 -7.9000000000000004 -12.02081528017 -12.02081528017 -1 -2.1111609884250001e-016 -8.7447151375850004e-017 -8.7447151375871118e-017 0.70710678118654757 -0.70710678118654757 2.1111609884249126e-016 -0.70710678118654757 -0.70710678118654757 1.5
1 -7.9000000000000004 -10.96015510839 -13.08147545195 -0.70710678118677384 0.49999999999984007 -0.49999999999984007 
2 -8 -12.02081528017 -12.02081528017 1 1.2366894746660001e-016 1.2325951644079998e-032 -8.7447151375835792e-017 0.70710678118654757 0.70710678118654757 8.7447151375835767e-017 -0.70710678118654757 0.70710678118654757 1.6000000000000001
1 -7.9000000000000004 -13.08147545195 -10.96015510839 -0.70710678118677384 -0.49999999999984007 0.49999999999984007 
2 -7.9000000000000004 -12.02081528017 -12.02081528017 -1 -2.1111609884250001e-016 -8.7447151375850004e-017 -8.7447151375871118e-017 0.70710678118654757 -0.70710678118654757 2.1111609884249126e-016 -0.70710678118654757 -0.70710678118654757 1.5
1 -17 -13.08147545195 -13.08147545195 1 1.2366894746660001e-016 1.2325951644079998e-032 
2 -5.0999999999999996 -12.02081528017 -12.02081528017 1 2.1111609884250001e-016 8.7447151375850004e-017 8.7447151375871118e-017 -0.70710678118654757 0.70710678118654757 2.1111609884249126e-016 -0.70710678118654757 -0.70710678118654757 1.5
2 -5.0999999999999996 -12.02081528017 -12.02081528017 1 2.1111609884250001e-016 8.7447151375850004e-017 8.7447151375871118e-017 -0.70710678118654757 0.70710678118654757 2.1111609884249126e-016 -0.70710678118654757 -0.70710678118654757 1.5
1 -17 -10.96015510839 -10.96015510839 1 1.2366894746660001e-016 1.2325951644079998e-032 
2 -7.9000000000000004 -12.02081528017 -12.02081528017 -1 -2.1111609884250001e-016 -8.7447151375850004e-017 -8.7447151375871118e-017 0.70710678118654757 -0.70710678118654757 2.1111609884249126e-016 -0.70710678118654757 -0.70710678118654757 1.5
1 -5.0999999999999996 -13.08147545195 -10.96015510839 0.70710678118677384 -0.49999999999984007 0.49999999999984007 
2 -5 -12.02081528017 -12.02081528017 -1 -1.2366894746660001e-016 -1.2325951644079998e-032 8.7447151375835792e-017 -0.70710678118654757 -0.70710678118654757 8.7447151375835767e-017 -0.70710678118654757 0.70710678118654757 1.6000000000000001
1 -5.0999999999999996 -10.96015510839 -13.08147545195 0.70710678118677384 0.49999999999984007 -0.49999999999984007 
2 -5.0999999999999996 -12.02081528017 -12.02081528017 1 2.1111609884250001e-016 8.7447151375850004e-017 8.7447151375871118e-017 -0.70710678118654757 0.70710678118654757 2.1111609884249126e-016 -0.70710678118654757 -0.70710678118654757 1.5
2 -7.9000000000000004 -17 0 -1 -2.4733789493320002e-016 0 -0 0 -1 2.4733789493320002e-016 -1 -0 1.5
1 -7.9000000000000004 -17 -1.5 -0.70710678118654757 -1.7489430275148812e-016 -0.70710678118654757 
2 -8 -17 0 1 1.2366894746660001e-016 0 -1.2366894746660001e-016 1 0 0 -0 1 1.6000000000000001
1 -7.9000000000000004 -17 1.5 -0.70710678118654757 -2.6148990837493273e-016 0.70710678118654757 
2 -7.9000000000000004 -17 0 -1 -2.4733789493320002e-016 0 -0 0 -1 2.4733789493320002e-016 -1 -0 1.5
1 -17 -18.5 0 1 1.2366894746660001e-016 0 
2 -5.0999999999999996 -17 0 1 2.4733789493320002e-016 0 0 -0 1 2.4733789493320002e-016 -1 -0 1.5
2 -5.0999999999999996 -17 0 1 2.4733789493320002e-016 0 0 -0 1 2.4733789493320002e-016 -1 -0 1.5
1 -17 -15.5 -1.8369701987210001e-016 1 1.2366894746660001e-016 0 
2 -7.9000000000000004 -17 0 -1 -2.4733789493320002e-016 0 -0 0 -1 2.4733789493320002e-016 -1 -0 1.5
1 -5.0999999999999996 -17 1.5 0.70710678118654757 1.7489430275148812e-016 0.70710678118654757 
2 -5 -17 0 -1 -1.2366894746660001e-016 0 1.2366894746660001e-016 -1 0 0 0 1 1.6000000000000001
1 -5.0999999999999996 -17 -1.5 0.70710678118654757 8.8298697128043517e-017 -0.70710678118654757 
2 -5.0999999999999996 -17 0 1 2.4733789493320002e-016 0 0 -0 1 2.4733789493320002e-016 -1 -0 1.5
2 -7.9000000000000004 -12.02081528017 12.020815280171 -1 -2.1111609884250001e-016 8.7447151375850004e-017 8.7447151375871118e-017 -0.70710678118654757 -0.70710678118654757 2.1111609884249126e-016 -0.70710678118654757 0.70710678118654757 1.5
1 -7.9000000000000004 -13.08147545195 10.960155108391 -0.70710678118677384 -0.49999999999984007 -0.49999999999984007 
2 -8 -12.02081528017 12.020815280171 1 1.2366894746660001e-016 0 -8.744715137583578e-017 0.70710678118654757 -0.70710678118654757 -8.744715137583578e-017 0.70710678118654757 0.70710678118654757 1.6000000000000001
1 -7.9000000000000004 -10.96015510839 13.081475451951 -0.70710678118677384 0.49999999999984007 0.49999999999984007 
2 -7.9000000000000004 -12.02081528017 12.020815280171 -1 -2.1111609884250001e-016 8.7447151375850004e-017 8.7447151375871118e-017 -0.70710678118654757 -0.70710678118654757 2.1111609884249126e-016 -0.70710678118654757 0.70710678118654757 1.5
1 -17 -13.08147545195 13.081475451951 1 1.2366894746660001e-016 1.2325951644079998e-032 
2 -5.0999999999999996 -12.02081528017 12.020815280171 1 2.1111609884250001e-016 -8.7447151375850004e-017 -8.7447151375871118e-017 0.70710678118654757 0.70710678118654757 2.1111609884249126e-016 -0.70710678118654757 0.70710678118654757 1.5
2 -5.0999999999999996 -12.02081528017 12.020815280171 1 2.1111609884250001e-016 -8.7447151375850004e-017 -8.7447151375871118e-017 0.70710678118654757 0.70710678118654757 2.1111609884249126e-016 -0.70710678118654757 0.70710678118654757 1.5
1 -17 -10.96015510839 10.960155108391 1 1.2366894746660001e-016 1.2325951644079998e-032 
2 -7.9000000000000004 -12.02081528017 12.020815280171 -1 -2.1111609884250001e-016 8.7447151375850004e-017 8.7447151375871118e-017 -0.70710678118654757 -0.70710678118654757 2.1111609884249126e-016 -0.70710678118654757 0.70710678118654757 1.5
1 -5.0999999999999996 -10.96015510839 13.081475451951 0.70710678118677384 0.49999999999984007 0.49999999999984007 
2 -5 -12.02081528017 12.020815280171 -1 -1.2366894746660001e-016 0 8.744715137583578e-017 -0.70710678118654757 0.70710678118654757 -8.744715137583578e-017 0.70710678118654757 0.70710678118654757 1.6000000000000001
1 -5.0999999999999996 -13.08147545195 10.960155108391 0.70710678118677384 -0.49999999999984007 -0.49999999999984007 
2 -5.0999999999999996 -12.02081528017 12.020815280171 1 2.1111609884250001e-016 -8.7447151375850004e-017 -8.7447151375871118e-017 0.70710678118654757 0.70710678118654757 2.1111609884249126e-016 -0.70710678118654757 0.70710678118654757 1.5
2 -7.9000000000000004 -6.0332167445319997e-014 17 -1 -1.2366894746660001e-016 1.2366894746660001e-016 1.2366894746659944e-016 -1 -4.6259292692710002e-015 1.2366894746660058e-016 -4.6259292692710002e-015 1 1.5
1 -7.9000000000000004 -1.5 17 -0.70710678118654757 -0.70710678118654757 -2.3814029797024762e-015 
2 -8 -6.034453434007e-014 17 1 1.2366894746660001e-016 0 -4.3178782227398927e-031 3.491481338843e-015 -1 -1.2366894746660001e-016 1 3.491481338843e-015 1.6000000000000001
1 -7.9000000000000004 1.5 17 -0.70710678118654757 0.70710678118654757 2.6428928880783089e-015 
2 -7.9000000000000004 -6.0332167445319997e-014 17 -1 -1.2366894746660001e-016 1.2366894746660001e-016 1.2366894746659944e-016 -1 -4.6259292692710002e-015 1.2366894746660058e-016 -4.6259292692710002e-015 1 1.5
1 -17 -6.6694776875530001e-014 18.5 1 1.2366894746660001e-016 2.4651903288159996e-032 
2 -5.0999999999999996 -5.9985894392409996e-014 17 1 1.2366894746660001e-016 -1.2366894746660001e-016 -1.2366894746659944e-016 1 4.6259292692710002e-015 1.2366894746660058e-016 -4.6259292692710002e-015 1 1.5
2 -5.0999999999999996 -5.9985894392409996e-014 17 1 1.2366894746660001e-016 -1.2366894746660001e-016 -1.2366894746659944e-016 1 4.6259292692710002e-015 1.2366894746660058e-016 -4.6259292692710002e-015 1 1.5
1 -17 -5.6404029878869996e-014 15.5 1 1.2366894746660001e-016 2.4651903288159996e-032 
2 -7.9000000000000004 -6.0332167445319997e-014 17 -1 -1.2366894746660001e-016 1.2366894746660001e-016 1.2366894746659944e-016 -1 -4.6259292692710002e-015 1.2366894746660058e-016 -4.6259292692710002e-015 1 1.5
1 -5.0999999999999996 1.5 17 0.70710678118654757 0.70710678118654757 2.3814029797024762e-015 
2 -5 -5.9973527497670003e-014 17 -1 -1.2366894746660001e-016 0 4.3178782227398927e-031 -3.491481338843e-015 1 -1.2366894746660001e-016 1 3.491481338843e-015 1.6000000000000001
1 -5.0999999999999996 -1.5 17 0.70710678118654757 -0.70710678118654757 -2.4697016768314198e-015 
2 -5.0999999999999996 -5.9985894392409996e-014 17 1 1.2366894746660001e-016 -1.2366894746660001e-016 -1.2366894746659944e-016 1 4.6259292692710002e-015 1.2366894746660058e-016 -4.6259292692710002e-015 1 1.5
2 -7.9000000000000004 12.020815280171 12.020815280171 -1 -3.6221796090770001e-017 8.7447151375850004e-017 8.744715137584993e-017 -0.70710678118654757 0.70710678118654757 3.6221796090770229e-017 0.70710678118654757 0.70710678118654757 1.5
1 -7.9000000000000004 10.960155108391 13.081475451951 -0.70710678118677384 -0.49999999999984007 0.49999999999984007 
2 -8 12.020815280171 12.020815280171 1 1.2366894746660001e-016 0 8.744715137583578e-017 -0.70710678118654757 -0.70710678118654757 -8.744715137583578e-017 0.70710678118654757 -0.70710678118654757 1.6000000000000001
1 -7.9000000000000004 13.081475451951 10.960155108392 -0.70710678118677384 0.49999999999984007 -0.49999999999984007 
2 -7.9000000000000004 12.020815280171 12.020815280171 -1 -3.6221796090770001e-017 8.7447151375850004e-017 8.744715137584993e-017 -0.70710678118654757 0.70710678118654757 3.6221796090770229e-017 0.70710678118654757 0.70710678118654757 1.5
1 -17 13.081475451951 13.081475451951 1 1.2366894746660001e-016 1.2325951644079998e-032 
2 -5.0999999999999996 12.020815280171 12.020815280171 1 3.6221796090770001e-017 -8.7447151375850004e-017 -8.744715137584993e-017 0.70710678118654757 -0.70710678118654757 3.6221796090770229e-017 0.70710678118654757 0.70710678118654757 1.5
2 -5.0999999999999996 12.020815280171 12.020815280171 1 3.6221796090770001e-017 -8.7447151375850004e-017 -8.744715137584993e-017 0.70710678118654757 -0.70710678118654757 3.6221796090770229e-017 0.70710678118654757 0.70710678118654757 1.5
1 -17 10.960155108391 10.960155108392 1 1.2366894746660001e-016 1.2325951644079998e-032 
2 -7.9000000000000004 12.020815280171 12.020815280171 -1 -3.6221796090770001e-017 8.7447151375850004e-017 8.744715137584993e-017 -0.70710678118654757 0.70710678118654757 3.6221796090770229e-017 0.70710678118654757 0.70710678118654757 1.5
1 -5.0999999999999996 13.081475451951 10.960155108392 0.70710678118677384 0.49999999999984007 -0.49999999999984007 
2 -5 12.020815280171 12.020815280171 -1 -1.2366894746660001e-016 0 -8.744715137583578e-017 0.70710678118654757 0.70710678118654757 -8.744715137583578e-017 0.70710678118654757 -0.70710678118654757 1.6000000000000001
1 -5.0999999999999996 10.960155108391 13.081475451951 0.70710678118677384 -0.49999999999984007 0.49999999999984007 
2 -5.0999999999999996 12.020815280171 12.020815280171 1 3.6221796090770001e-017 -8.7447151375850004e-017 -8.744715137584993e-017 0.70710678118654757 -0.70710678118654757 3.6221796090770229e-017 0.70710678118654757 0.70710678118654757 1.5
2 -7.9000000000000004 17 0 -1 0 0 0 0 1 0 1 -0 1.5
1 -7.9000000000000004 17 1.5 -0.70710678118654757 0 0.70710678118654757 
2 -8 17 0 1 1.2366894746660001e-016 0 1.2366894746660001e-016 -1 0 0 0 -1 1.6000000000000001
1 -7.9000000000000004 17 -1.5 -0.70710678118654757 8.6595605623434599e-017 -0.70710678118654757 
2 -7.9000000000000004 17 0 -1 0 0 0 0 1 0 1 -0 1.5
2 -5.0999999999999996 17 0 1 0 0 0 0 -1 -0 1 0 1.5
1 -5.0999999999999996 17 -1.5 0.70710678118654757 0 -0.70710678118654757 
2 -5 17 0 -1 -1.2366894746660001e-016 0 -1.2366894746660001e-016 1 0 -0 0 -1 1.6000000000000001
1 -5.0999999999999996 17 1.5 0.70710678118654757 8.6595605623434599e-017 0.70710678118654757 
2 -5.0999999999999996 17 0 1 0 0 0 0 -1 -0 1 0 1.5
1 -17 18.5 0 1 1.2366894746660001e-016 -0 
2 -5.0999999999999996 17 0 1 0 0 0 0 -1 -0 1 0 1.5
1 -17 15.5 1.8369701987210001e-016 1 1.2366894746660001e-016 -0 
2 -7.9000000000000004 17 0 -1 0 0 0 0 1 0 1 -0 1.5
2 -17 -2.1023721069329998e-015 0 -1 -1.2366894746660001e-016 0 1.2366894746660001e-016 -1 0 0 0 1 9
1 -16 -10 1.224646799147e-015 0.70710678118654757 -0.70710678118654757 8.6595605623434599e-017 
2 -16 -1.9787031594660001e-015 0 1 1.2366894746660001e-016 0 1.2366894746660001e-016 -1 0 0 0 -1 10
1 -16 10 0 0.70710678118654757 0.70710678118654757 0 
2 -8.5 -10.5 0 0 -0 -1 -1 -0 0 -0 1 -0 0.5
2 -8 -9.8935157973300007e-016 0 1 1.2366894746660001e-016 0 1.2366894746660001e-016 -1 0 0 0 -1 10.5
2 -8.5 10.5 1.2858791391049999e-015 1.5145078066889999e-032 -1.2246467991469999e-016 1 6.0771633572862712e-064 -1 -1.2246467991469999e-016 1 1.8547371377448277e-048 -1.5145078066889999e-032 0.5
2 -8.5 -1.051186053466e-015 0 -1 -1.2366894746660001e-016 0 1.2366894746660001e-016 -1 0 0 0 1 10
2 -7.5 -9.2751710599970002e-016 0 1 1.2366894746660001e-016 0 1.2366894746660001e-016 -1 0 0 0 -1 22.5
2 -7.5 22 2.6942229581240001e-015 1.5145078066889999e-032 -1.2246467991469999e-016 1 -5.4694470215576441e-063 -1 -1.2246467991469999e-016 1 1.8547371377448216e-048 -1.5145078066889999e-032 0.5
2 -8 -9.8935157973300007e-016 0 -1 -1.2366894746660001e-016 0 1.2366894746660001e-016 -1 0 0 0 1 22
2 -7.5 -22 0 0 -0 -1 -1 -0 0 -0 1 -0 0.5
2 -5.5 -6.801792110664e-016 0 -1 -1.2366894746660001e-016 0 -1.2366894746660001e-016 1 0 -0 0 -1 22.5
2 -5.5 -22 2.6942229581240001e-015 -1.5145078066889999e-032 1.2246467991469999e-016 1 -5.4694470215576441e-063 -1 1.2246467991469999e-016 1 1.8547371377448216e-048 1.5145078066889999e-032 0.5
2 -5 -6.1834473733310005e-016 0 1 1.2366894746660001e-016 -0 -1.2366894746660001e-016 1 0 0 0 1 22
2 -5.5 22 0 0 0 -1 -1 0 0 0 1 0 0.5
1 1.2366894746659999e-015 -10 1.224646799147e-015 1 1.2366894746660001e-016 -0 
2 -8.5 -1.051186053466e-015 0 -1 -1.2366894746660001e-016 0 1.2366894746660001e-016 -1 0 0 0 1 10
1 -1.2366894746659999e-015 10 0 1 1.2366894746660001e-016 -0 
1 2.7825513179989999e-015 -22.5 2.755455298082e-015 1 1.2366894746660001e-016 -0 
1 -2.7825513179989999e-015 22.5 0 1 1.2366894746660001e-016 -0 
2 -5 -6.1834473733310005e-016 0 1 1.2366894746660001e-016 -0 -1.2366894746660001e-016 1 0 0 0 1 10
1 1.2366894746659999e-015 -10 1.224646799147e-015 1 1.2366894746660001e-016 -0 
2 1.2366894746659999e-015 1.5294008567499999e-031 0 1 1.2366894746660001e-016 -0 -1.2366894746660001e-016 1 0 0 0 1 10
1 -1.2366894746659999e-015 10 0 1 1.2366894746660001e-016 -0 
2 -5 1.7744720354369997e-013 -17 -1 -1.2366894746660001e-016 0 -1.2953634668220913e-030 1.047444401653e-014 -1 1.2366894746660001e-016 -1 -1.047444401653e-014 1.6000000000000001
2 -5 -17 0 -1 -1.2366894746660001e-016 0 1.2366894746660001e-016 -1 0 0 0 1 1.6000000000000001
2 -5 -5.9973527497670003e-014 17 -1 -1.2366894746660001e-016 0 4.3178782227398927e-031 -3.491481338843e-015 1 -1.2366894746660001e-016 1 3.491481338843e-015 1.6000000000000001
2 -5 -6.1834473733310005e-016 0 1 1.2366894746660001e-016 -0 -1.2366894746660001e-016 1 0 0 0 1 10
2 -5 -6.1834473733310005e-016 0 1 1.2366894746660001e-016 -0 -1.2366894746660001e-016 1 0 0 0 1 22
2 -5 17 0 -1 -1.2366894746660001e-016 0 -1.2366894746660001e-016 1 0 -0 0 -1 1.6000000000000001
2 -5 12.020815280171 12.020815280171 -1 -1.2366894746660001e-016 0 -8.744715137583578e-017 0.70710678118654757 0.70710678118654757 -8.744715137583578e-017 0.70710678118654757 -0.70710678118654757 1.6000000000000001
2 -5 -12.02081528017 12.020815280171 -1 -1.2366894746660001e-016 0 8.744715137583578e-017 -0.70710678118654757 0.70710678118654757 -8.744715137583578e-017 0.70710678118654757 0.70710678118654757 1.6000000000000001
2 -5 -12.02081528017 -12.02081528017 -1 -1.2366894746660001e-016 -1.2325951644079998e-032 8.7447151375835792e-017 -0.70710678118654757 -0.70710678118654757 8.7447151375835767e-017 -0.70710678118654757 0.70710678118654757 1.6000000000000001
2 -5 12.020815280171 -12.02081528017 -1 -1.2366894746660001e-016 0 -8.744715137583578e-017 0.70710678118654757 -0.70710678118654757 8.744715137583578e-017 -0.70710678118654757 -0.70710678118654757 1.6000000000000001
2 -8 1.7707619670129999e-013 -17 1 1.2366894746660001e-016 0 1.1855233764951207e-030 -9.5862655968290003e-015 1 1.2366894746660001e-016 -1 -9.5862655968290003e-015 1.6000000000000001
2 -8 -17 0 1 1.2366894746660001e-016 0 -1.2366894746660001e-016 1 0 0 -0 1 1.6000000000000001
2 -8 -6.034453434007e-014 17 1 1.2366894746660001e-016 0 -4.3178782227398927e-031 3.491481338843e-015 -1 -1.2366894746660001e-016 1 3.491481338843e-015 1.6000000000000001
2 -8 -9.8935157973300007e-016 0 1 1.2366894746660001e-016 0 1.2366894746660001e-016 -1 0 0 0 -1 10.5
2 -8 -9.8935157973300007e-016 0 -1 -1.2366894746660001e-016 0 1.2366894746660001e-016 -1 0 0 0 1 22
2 -8 17 0 1 1.2366894746660001e-016 0 1.2366894746660001e-016 -1 0 0 0 -1 1.6000000000000001
2 -8 12.020815280171 12.020815280171 1 1.2366894746660001e-016 0 8.744715137583578e-017 -0.70710678118654757 -0.70710678118654757 -8.744715137583578e-017 0.70710678118654757 -0.70710678118654757 1.6000000000000001
2 -8 -12.02081528017 12.020815280171 1 1.2366894746660001e-016 -1.2325951644079998e-032 -8.7447151375835792e-017 0.70710678118654757 -0.70710678118654757 -8.7447151375835767e-017 0.70710678118654757 0.70710678118654757 1.6000000000000001
2 -8 -12.02081528017 -12.02081528017 1 1.2366894746660001e-016 1.2325951644079998e-032 -8.7447151375835792e-017 0.70710678118654757 0.70710678118654757 8.7447151375835767e-017 -0.70710678118654757 0.70710678118654757 1.6000000000000001
2 -8 12.020815280171 -12.02081528017 1 1.2366894746660001e-016 0 8.744715137583578e-017 -0.70710678118654757 0.70710678118654757 8.744715137583578e-017 -0.70710678118654757 -0.70710678118654757 1.6000000000000001
2 9.2751710599970002e-016 1.1470506425629999e-031 0 1 1.2366894746660001e-016 -0 -1.2366894746660001e-016 1 0 0 0 1 7.5
1 -9.0877745496080013e-016 7.3484692283499999 1.5 -1 -1.2366894746660001e-016 0 
2 -17 -2.1023721069329998e-015 0 1 1.2366894746660001e-016 -0 -1.2366894746660001e-016 1 0 0 0 1 7.5
1 -9.0877745496080013e-016 7.3484692283499999 -1.5 1 1.2366894746660001e-016 -0 
1 0 8.5 -1.5 0 -1 1.0842021724860001e-016 
1 0 6.5 1.5 0 1 1.0842021724860001e-016 
1 0 8.5 1.5 0 0 -1 
2 1.2366894746659999e-015 1.5294008567499999e-031 0 1 1.2366894746660001e-016 -0 -1.2366894746660001e-016 1 0 0 0 1 10
2 -7.5 -9.2751710599970002e-016 0 1 1.2366894746660001e-016 0 1.2366894746660001e-016 -1 0 0 0 -1 22.5
2 -5.5 -6.801792110664e-016 0 -1 -1.2366894746660001e-016 0 -1.2366894746660001e-016 1 0 -0 0 -1 22.5
2 -16 -1.9787031594660001e-015 0 1 1.2366894746660001e-016 0 1.2366894746660001e-016 -1 0 0 0 -1 10
2 -17 -2.1023721069329998e-015 0 -1 -1.2366894746660001e-016 0 1.2366894746660001e-016 -1 0 0 0 1 9
1 -17 8.5 -1.5 0 -1 1.0842021724860001e-016 
1 -17 8.5 1.5 0 0 -1 
1 -17 10 1.5 -1.2366894746660001e-016 1 1.0842021724860001e-016 
1 0 8.5 -1.5 -1 -1.2366894746660001e-016 -0 
1 0 8.5 1.5 -1 -1.2366894746660001e-016 -0 
2 -5.0999999999999996 17 0 1 0 0 0 0 -1 -0 1 0 1.5
2 -7.9000000000000004 17 0 -1 0 0 0 0 1 0 1 -0 1.5
2 -5.0999999999999996 12.020815280171 12.020815280171 1 3.6221796090770001e-017 -8.7447151375850004e-017 -8.744715137584993e-017 0.70710678118654757 -0.70710678118654757 3.6221796090770229e-017 0.70710678118654757 0.70710678118654757 1.5
2 -7.9000000000000004 12.020815280171 12.020815280171 -1 -3.6221796090770001e-017 8.7447151375850004e-017 8.744715137584993e-017 -0.70710678118654757 0.70710678118654757 3.6221796090770229e-017 0.70710678118654757 0.70710678118654757 1.5
2 -5.0999999999999996 -5.9985894392409996e-014 17 1 1.2366894746660001e-016 -1.2366894746660001e-016 -1.2366894746659944e-016 1 4.6259292692710002e-015 1.2366894746660058e-016 -4.6259292692710002e-015 1 1.5
2 -7.9000000000000004 -6.0332167445319997e-014 17 -1 -1.2366894746660001e-016 1.2366894746660001e-016 1.2366894746659944e-016 -1 -4.6259292692710002e-015 1.2366894746660058e-016 -4.6259292692710002e-015 1 1.5
2 -5.0999999999999996 -12.02081528017 12.020815280171 1 2.1111609884250001e-016 -8.7447151375850004e-017 -8.7447151375871118e-017 0.70710678118654757 0.70710678118654757 2.1111609884249126e-016 -0.70710678118654757 0.70710678118654757 1.5
2 -7.9000000000000004 -12.02081528017 12.020815280171 -1 -2.1111609884250001e-016 8.7447151375850004e-017 8.7447151375871118e-017 -0.70710678118654757 -0.70710678118654757 2.1111609884249126e-016 -0.70710678118654757 0.70710678118654757 1.5
2 -5.0999999999999996 -17 0 1 2.4733789493320002e-016 0 0 -0 1 2.4733789493320002e-016 -1 -0 1.5
