DBRep_DrawableShape

CASCADE Topology V1, (c) Matra-Datavision
Locations 6
1
              1 -6.23304543119562e-034 6.345390700008e-018 -51.72078925626 
1.246609086239e-033               1 -9.82294980069e-017 46.377023646347 
-6.345390700008e-018 9.82294980069e-017               1 -5.218643937335 
1
             -1 1.466493354958e-050 1.46302386084131e-098 -61.68026745039 
1.466493354958e-050               1 -2.311115933265e-033 -39.24515291398 
-3.38923615867068e-083 -2.311115933265e-033              -1 -28.21864393733 
1
-1.16819206706752e-029 5.55111512312592e-017               1 1.116940637209e-015 
0.866025403784329 0.50000000000019 -2.775557561563e-017 48.387500000002 
-0.50000000000019 0.866025403784329 -4.807406715959e-017 83.809608451238 
1
              1               0               0               0 
              0               1               0               0 
              0               0               1               0 
2  1 1 2 1 3 1 4 1 0
2  4 -1 3 -1 2 -1 1 -1 0
Curve2ds 234
1 0 0 0 1 
1 0.39999999999999858 2 -4.2718346775640827e-017 -1 
1 0 0 0 1 
1 0.39999999999999858 1.5999999999999943 1 0 
1 0 0 0 1 
1 0 -9.6000000000000085 1 0 
1 0 0 0 1 
1 1.1000000000000014 1.5999999999999801 -4.2718346775640827e-017 -1 
1 0 0 1 0 
1 1.5707963267949143 0.40000000000000568 -1 -0 
8 0 1.5707963267948966
1 0 11.600000000000009 1 0 
8 0 1.5707963267948966
1 0 0 0 1 
1 1.5707963267948966 0 0 1 
1 -8.5999999999999943 2 7.7715611723760958e-016 -1 
8 0 1.5707963267948966
1 1.5707963267949143 0 0 1 
8 0 1.5707963267948966
1 0 -1.7087338710256574e-017 1 0 
1 1.5707963267948966 0 0 1 
1 0.39999999999999858 -1.6000000000000014 1 3.0814879110195774e-033 
8 0 1.5707963267948966
1 0 0.70000000000000295 1 0 
8 0 1.5707963267948966
1 0 -1.5707963267948966 0 1 
1 0 0 1 0 
1 0 1.1000000000000014 1 0 
1 0 0 1 0 
1 0 0.39999999999999858 1 0 
1 1.5707963267948966 0 0 1 
1 0 -1.6000000000000014 -1 3.0814879110195774e-033 
8 4.7123889803846897 6.2831853071795862
1 1.5707963267948966 -6.2831853071795862 0 1 
8 4.7123889803846897 6.2831853071795862
1 -4.7123889803846897 -5.6941477817014705e-015 1 0 
1 1.5707963267948966 0 0 1 
1 -8.5999999999999872 1.5999999999999801 7.7715611723760958e-016 -1 
8 0 1.5707963267948966
1 0 11.199999999999989 1 0 
8 0 1.5707963267948966
1 0 0 0 1 
8 0 1.5707963267948966
1 0 9.0249030993262949 1 0 
8 0 1.5707963267948966
1 1.7763568394002505e-014 0 0 1 
1 0 1.5707963267948966 1 0 
1 0 1.5707963267948966 1 0 
8 0 1.5707963267948966
1 1.5707963267948966 0 0 1 
8 0 1.5707963267948966
1 0 7.1054273576010019e-015 1 0 
1 0 0 0 1 
1 0.42490309932630055 1.5999999999999943 -1 -9.4368957093138306e-016 
1 1.5707963267948966 0 0 1 
1 -8.6000000000000014 -9.6000000000000085 1 0 
1 0 0 0 1 
1 10.22490309931781 -3.9999999999999858 -0.86824314212427312 0.49613893835715944 
1 0 0 0 1 
7 0 0  7 8 2  0.42490309932628006 -9.5999999999999872  0.518745144144932 -9.5463759743892034  0.6021991540168995 -9.4986879687484169  0.68717253970106651 -9.4501317483566325  0.77201527379756263 -9.401650186016667  0.85865950342820541 -9.3521391976556068  0.94564731645872813 -9.3024318759240963  1.0326732988127463 -9.2527027431502784 
 1.1345672942614384 8 1.6744254417347366 8
1 0 0 0 1 
1 1.0326732988127532 -9.2527027431502802 0.868243142124275 0.49613893835715633 
1 3.1415926535897931 0.070710678118654655 1 0 
1 0 0.070710678118654655 1 0 
1 3.1415926535897931 0.070710678118654655 -1 0 
1 6.2831853071795862 0.070710678118654655 -1 0 
1 3.1415926535897931 0 1 0 
1 0 0 1 0 
1 6.2831853071800001 0.070710678118637196 -1 1.9878466759132125e-016 
1 6.2831853071795862 0.07071067811865403 -1 1.987846675914698e-016 
1 0.51914611424689516 0 0 1 
1 0 7.4249030993262863 1 3.0814879110195774e-033 
1 1.5707963267948966 0 0 1 
1 0.39999999999999858 7.4249030993262934 6.3453907000196385e-018 -1 
1 0 0 0 1 
1 1.1000000000000014 7.4249030993262934 6.3453907000196385e-018 -1 
1 0 -1.5707963267948966 1 0 
1 0 0 1 0 
1 0 9.0249030993262949 1 0 
1 0 1.5707963267948966 1 0 
8 0 1.5707963267948966
1 1.5707963267948966 0 0 1 
8 0 1.5707963267948966
1 0 7.1054273576010019e-015 1 0 
1 0 0 0 1 
1 -1.1000000000000014 -1.6000000000000085 0 1 
1 0 0 0 1 
1 -0.39999999999999858 -1.6000000000000085 0 1 
1 0 0 0 1 
7 0 0  7 8 2  -1.0999999999999999 6.7249030993268999  -1.0999999999999961 6.8004628116923822  -1.101776214571923 6.8759709474223909  -1.105324850989329 6.9503422619428052  -1.1110398647067223 7.0209382997412586  -1.1197206702081801 7.0894202698451716  -1.132884459175731 7.151982840285215  -1.1552512359917515 7.2220526871630906 
 55.732487543500781 8 56.272345690974049 8
1 0 0 0 1 
1 -1.1000000000000014 7.4249030993262579 1 -1.2325951644078309e-032 
1 0 0 0 1 
7 0 0  14 41 4  -1.1552512359917451 7.2220526871630755  -1.1575017970247672 7.2291031651205664  -1.1592154289203067 7.2358581258063364  -1.1607866220018903 7.2425267582120751  -1.1619085156331606 7.2489293221159041  -1.1631647022494975 7.255388320775725  -1.1637958406176228 7.2614702830589009  -1.1647592017469286 7.2677108338715417  -1.1651272570713755 7.2735820304019647  -1.1656758340828661 7.2795182060576096  -1.1659122478313431 7.2852374011284651  -1.1661019711491543 7.2908862087439914  -1.1661494752889163 7.2964074018295735  -1.1660891690937918 7.3018173177850727  -1.1657517625312463 7.3124079299508518  -1.1654752517716844 7.3175889448596472  -1.1650955687303801 7.3226553120605402  -1.1646168996961856 7.3276065062865472  -1.1640430311919705 7.3324418504335789  -1.1633773976726118 7.3371605245267659  -1.1626231316869926 7.3417615880623419  -1.1617831105201575 7.3462439834702344  -1.1608600071034045 7.3506065621870116  -1.1598563364976449 7.3548480875683069  -1.1587745063169526 7.3589672581692724  -1.1576168641450422 7.3629627156481652  -1.1563857469086427 7.3668330625898664  -1.1524790937167171 7.3780644995813267  -1.1495913880966657 7.3850456190551892  -1.146436504386962 7.3915090735647224  -1.143031694529254 7.397442429533398  -1.1393954387978369 7.4028324415592524  -1.135547515205674 7.4076655209810855  -1.1315090672542421 7.4119281928466956  -1.1273026741343966 7.4156075700866655  -1.1229524178355643 7.418691805958483  -1.1184839535945419 7.4211705699764003  -1.1139245772494157 7.4230355020757752  -1.1093032950512491 7.4242806840531523  -1.1046508918114009 7.4249030993202787  -1.0999999999999874 7.4249030993262659 
 56.272345690974035 15 56.380987514539392 13 56.489629338104749 13 56.706912985235469 15
1 1.5707963267948966 0 0 1 
1 0.42490309932630055 1.5999999999999943 -1 -9.4368957093138306e-016 
1 1.5707963267948966 0 0 1 
1 10.22490309931781 -3.9999999999999858 -0.86824314212427312 0.49613893835715944 
1 1.5707963267948966 0 0 1 
1 -8.6000000000000014 -9.6000000000000085 1 0 
1 1.5707963267948966 0 0 1 
1 0.33267329881336849 -9.6527027431502859 0.868243142124275 0.49613893835715633 
1 0.53985814747326799 0 0 1 
7 0 0  7 8 2  -0.27509690067308301 -9.5999999999999925  -0.17486462916777357 -9.5999999999999304  -0.074676319223035026 -9.6000000000002448  0.02511626816033314 -9.5999999999995485  0.12283398106887376 -9.6000000000004437  0.22070217208712212 -9.5999999999997385  0.31682042033265317 -9.6000000000000636  0.42490309932630382 -9.5999999999999943 
 55.732487543500781 8 56.272345690974049 8
1 0 4.7123889803846897 1 0 
2 7.1054273576010019e-015 -3.9999999999999858 1 -5.8003488633477496e-015 -5.8003488633477496e-015 -1 4.9000000000000004
1 0 4.7123889803846897 1 0 
2 7.1054273576010019e-015 -3.9999999999999858 -1 0 0 1 4.9000000000000004
1 0 -1.5700924586830711e-016 1 0 
1 3.1415926535897931 -1.5700924586830711e-016 1 0 
1 6.2831853071795862 -1.5700924586830711e-016 -1 0 
1 3.1415926535897931 -1.5700924586830711e-016 -1 0 
1 9.4247779607689992 7.8504622934156639e-016 -1 -1.9991038072854209e-016 
1 3.1415926535897931 4.7102773760492136e-016 -1 -1.9991038072857459e-016 
8 4.7123889803846897 6.2831853071795862
1 0.51914611424689516 -6.2831853071795862 0 1 
8 4.7123889803846897 6.2831853071795862
1 -4.7123889803846897 7.1054273576010019e-015 1 0 
1 0 0 0 1 
7 0 0  11 42 5  2.9516520373581154e-014 9.0249030993262878  0.046640533600970493 9.0249030993252681  0.09327553093345578 9.0250736449107283  0.1402123952699359 9.025410595061949  0.18774964865094407 9.0259174752108358  0.23617335048110713 9.0266021622605273  0.28575702260122854 9.0274736288752599  0.33676508084486217 9.0285387474340464  0.38945977306760082 9.0297991531214432  0.44411162366274232 9.0312481667462325  0.50101338455021316 9.0328677767338839  0.59023954669860679 9.0355046327194906  0.62062469443873336 9.0364184313212643  0.6517070493423508 9.0373607644311242  0.68353609638694091 9.0383255970484075  0.71616295807543318 9.0393060744282412  0.74964666043890804 9.0402934250281124  0.78406039906822989 9.0412758637973472  0.8194978051086087 9.0422374950218671  0.85607921129271347 9.0431572156352651  0.89395791794098389 9.044007618132099  0.95301072950687515 9.0451270315701091  0.97315271226039113 9.045458002021979  0.99324791000030199 9.0458446545544131  1.0147792937920372 9.0459950982010913  1.0356510370799816 9.0463270565200116  1.0573946110167443 9.0465380269417075  1.0803322912891282 9.0465601383438088  1.1029490905511905 9.0466947219930915  1.126814883980493 9.0466405573505622  1.1512898234153439 9.0465162216067601  1.2021378285959725 9.0460051279507177  1.2284660447000546 9.0456264482276154  1.2559783924003316 9.0450733634637235  1.2840953205332748 9.0444559675242928  1.3152781909655347 9.0433098811468504  1.3447675761835172 9.0425304287712613  1.382976217361354 9.0401897442317942  1.4138590434077598 9.0392360468640849  1.4612197682728876 9.0353150623444591  1.5023094156132366 9.032586348173707  1.5707963268122167 9.024903099324332 
 0.70000000000001017 12 0.91728364713136035 10 1.0259254706970355 10 1.0802463824798729 10 1.1345672942627105 12
8 4.7123889803846897 6.2831853071795862
1 2.1033004250960032 -6.2831853071795862 0 1 
8 4.7123889803846897 6.2831853071795862
1 -4.7123889803846897 -5.2000108498455183e-034 1 0 
1 1.5707963267948966 0 0 1 
1 2.7999999999984908 -0.39999999999999858 -1 -2.6703577177030649e-017 
8 0 1.5707963267948966
1 0 11.2871608476106 1 0 
8 0 1.5707963267948966
1 0 -1.5707963267948966 0 1 
8 0 0.43456729426270035
1 0 1.1345672942627105 1 0 
8 0 0.43456729426270035
7 0 0  1 2 2  0 1.1345672942614384  0.53985814747329819 1.1345672942614384 
 0 2 0.43456729426270035 2
1 0.53985814747329819 0 0 1 
7 0 0  7 8 2  8.284310435448905 -0.34474876400825027  8.2142405885709611 -0.36711554082426689  8.1516780181314967 -0.38027932979181445  8.0831960480263696 -0.38896013529328294  8.0126000102291588 -0.39467514901066331  7.9382286957079966 -0.39822378542808706  7.8627205599782597 -0.40000000000000241  7.7871608476127303 -0.39999999999999886 
 1.1345672942614384 8 1.6744254417347366 8
7 0 0  9 10 2  0 0  0.15713484026367044 0  0.32577471735222341 0  0.50456638527463549 0  0.69074485282684628 0  0.88005147640597037 0  1.0662299383242173 0  1.2450216105069718 0  1.41366148653123 0  1.5707963267948966 0 
 0 10 0.53985814747329819 10
8 0 0.53985814747329819
1 0 1.6744254417347366 1 0 
1 1.5707963267948966 0 0 1 
1 7.7871608476127108 -0.39999999999999858 -1 -1.5684893258248049e-017 
8 0 1.5707963267948966
1 0 10.587160847611202 1 0 
8 0 1.5707963267948966
1 0 -1.5707963267948966 0 1 
1 6.2831853071800001 0 0 1 
1 0 0 0 1 
1 3.1415926535900001 0 0 1 
1 3.1415926535900001 0 0 1 
1 0 0 1 0 
1 9.4247779607689992 0.050000000000000003 -1 0 
1 3.1415926535900001 0.050000000000000003 -1 0 
1 0 0 1 0 
1 6.2831853071800001 0 0 1 
1 0 0 0 1 
1 3.1415926535900001 0.050000000000000003 -1 0 
1 0 0 1 0 
1 3.1415926535900001 0 0 1 
1 3.1415926535900001 0 0 1 
1 0 0 1 0 
1 9.4247779607689992 0.050000000000000003 -1 0 
1 6.2831853071800001 0 0 1 
1 0 0 0 1 
1 0 3.1415926535897931 1 0 
1 3.1415926535897993 1.1000000000000014 1 0 
1 3.1415926535900001 0 0 1 
1 3.1415926535900001 0 0 1 
1 0 3.1415926535897931 1 0 
1 0 1.1000000000000014 1 0 
1 6.2831853071800001 0 0 1 
1 0 0 0 1 
1 3.1415926535900001 6.280369834732813e-016 0 1 
1 3.1415926535900001 6.280369834732813e-016 0 1 
1 0 0 1 0 
1 9.4247779607689992 0.050000000000010002 -1 0 
1 3.1415926535900001 0.050000000000010002 -1 0 
1 0 0 1 0 
1 0 0 0 1 
1 -8.4871608476121096 0 7.4389044101956985e-033 -1 
1 0 0 1 0 
1 0 0.39999999999999858 1 0 
1 0 0 1 0 
1 0 1.1000000000000014 1 0 
8 0 1.5707963267948966
1 0.51914611424689516 0 0 1 
8 0 1.5707963267948966
1 0 7.1054273576010019e-015 1 0 
8 0 1.5707963267948966
1 0 8.3249030993269137 1 0 
7 0 0  9 10 2  5.5511151231257827e-017 55.732487543500781  0.066625737567629101 55.732487543500156  0.12783281338230124 55.732487543503105  0.18584407029060987 55.732487543495886  0.2420843430444915 55.732487543506885  0.29777380442874618 55.732487543495793  0.35401407718261979 55.73248754350368  0.41202533409092507 55.732487543499545  0.47323240990563531 55.732487543501115  0.53985814747326799 55.732487543500781 
 0 10 1.5707963267948966 10
8 0 0.53985814747326799
1 0 56.272345690974049 1 0 
8 0 0.53985814747326799
7 0 0  1 2 2  0 56.272345690974035  0.43456729426143426 56.272345690974035 
 0 2 0.53985814747326799 2
8 0 0.51914611424689516
1 0 -1.6661399394818137e-018 1 0 
7 0 0  11 12 2  2.7755575615628914e-017 56.706912985235469  0.039953271645868857 56.706912985238752  0.079635840140280745 56.706912985219574  0.11911054934987947 56.706912985277697  0.15843788187715663 56.70691298516298  0.19767892461795675 56.706912985320884  0.23688836964380297 56.706912985165175  0.27612941238352284 56.706912985276212  0.31545674491209574 56.706912985219034  0.35493145412097588 56.706912985239939  0.39461402261556111 56.70691298523473  0.43456729426143431 56.706912985235476 
 0 12 0.51914611424689516 12
1 0.51914611424689516 0 0 1 
1 8.487160847612131 -1.1000000000000014 1.2325951644078309e-032 1 
8 0 0.51914611424689516
1 0 0.70000000000000284 1 0 
7 0 0  11 12 2  -5.5511151231257827e-017 0.70000000000001017  0.039953271645983952 0.70000000000007268  0.079635840140245537 0.69999999999970153  0.11911054935095994 0.70000000000084217  0.15843788187582944 0.69999999999855045  0.19767892462190037 0.70000000000179008  0.23688836964012472 0.69999999999846352  0.27612941238816707 0.70000000000097251  0.31545674491087683 0.69999999999958806  0.3549314541226738 0.70000000000013585  0.39461402261671713 0.69999999999998841  0.4345672942627003 0.70000000000001028 
 0 12 0.51914611424689516 12
1 0.43456729426143426 0 0 1 
7 0 0  11 42 5  1.5707963267946872 0.10622577482987833  1.5023094155927883 0.098542525978136064  1.4612197682390211 0.095813811811427549  1.4138590435565355 0.0918928273087877  1.3829762170993736 0.090939129887680742  1.3447675764373783 0.088598445425977571  1.3152781907656701 0.087818992978985974  1.2840953206275609 0.086672906645428913  1.2559783923577386 0.086055510689181713  1.2284660447008025 0.085502425928118728  1.2021378285900284 0.085123746205780754  1.1512898234099436 0.08461265254898144  1.1268148839723175 0.084488316806342556  1.1029490905565278 0.084434152162364481  1.0803322912618949 0.084568735815181165  1.0573946110340571 0.084590847203865088  1.0356510370813778 0.084801817653405873  1.014779293756507 0.085133775941849621  0.99324791001641011 0.085284219604095282  0.97315271224116096 0.085670872136170625  0.95301072950446497 0.086001842583316862  0.89395791793039536 0.087121256021418111  0.85607921128575026 0.087971658522090254  0.81949780510600923 0.088891379130825468  0.78406039906991487 0.089853010367127853  0.74964666043874206 0.090835449120263173  0.71616295807500996 0.091822799736803434  0.68353609638233315 0.092803277101777465  0.65170704933758261 0.093768109727137922  0.62062469443446178 0.094710442833432121  0.5902395466967949 0.095624241436594482  0.50101338454824584 0.098261097421760951  0.44411162366128598 0.099880707411609718  0.38945977306684926 0.10132972103269512  0.3367650808433405 0.10259012672624616  0.28575702260071173 0.10365524527489567  0.23617335047967933 0.10452671190036426  0.18774964865077939 0.10521139894198818  0.14021239526955731 0.10571827909739062  0.093275530933311576 0.10605522924475382  0.046640533600424541 0.10622577482983496  -4.7184478546569153e-015 0.1062257748299021 
 56.272345690974035 12 56.326666602756717 10 56.380987514539392 10 56.489629338104749 10 56.706912985235469 12
8 0 1.5707963267948966
1 2.1033004250960032 0 0 1 
8 0 1.5707963267948966
1 0 -1.4300029837075245e-033 1 0 
1 0 0 0 1 
1 2.7999999999984908 -1.1000000000000014 -1 -2.6703577177030649e-017 
8 0 1.5707963267948966
1 0 11.2871608476106 1 0 
8 0 1.5707963267948966
1 0 0 0 1 
1 0 0 0 1 
1 8.5933866224420399 -1.1000000000000014 -1 -1.5684893258248049e-017 
8 0 1.5707963267948966
1 0 11.393386622440531 1 0 
8 0 1.5707963267948966
1 0 0 0 1 
8 3.1415926535897931 4.7123889803846897
1 2.007283228522283e-013 0 0 1 
8 3.1415926535897931 4.7123889803846897
1 3.1415926535900001 0 0 1 
8 3.1415926535897931 4.7123889803846897
1 3.1415926535902008 0 0 1 
8 3.1415926535897931 4.7123889803846897
1 0 0 0 1 
1 6.2831853071800001 1.9428902930927241e-016 0 1 
1 0 1.9428902930927241e-016 0 1 
1 -3.1415926535900001 1.45 1 0 
1 -3.1415926535900001 -0.070710678118623055 1 0 
1 3.1415926535900001 1.9428902930927241e-016 0 1 
1 3.1415926535900001 1.9428902930927241e-016 0 1 
1 3.1415926535900001 -0.070710678118623055 1 0 
1 3.1415926535900001 1.45 1 0 
1 6.2831853071800001 1.9428902930927241e-016 0 1 
1 0 1.9428902930927241e-016 0 1 
1 3.1415926535900001 1.9428902930927241e-016 0 1 
1 3.1415926535900001 1.9428902930927241e-016 0 1 
1 3.1415926535900001 -0.070710678118623055 1 0 
1 3.1415926535900001 1.45 1 0 
1 -3.1415926535900001 1.45 1 0 
1 -3.1415926535900001 -0.070710678118623055 1 0 
1 6.2831853071800001 1.6653345369372267e-016 0 1 
1 0 1.6653345369372267e-016 0 1 
1 3.1415926535900001 -4.5796699765763134e-016 0 1 
1 3.1415926535900001 -4.5796699765763134e-016 0 1 
1 3.1415926535900001 -0.070710678118623055 1 0 
1 3.1415926535900001 1.45 1 0 
1 -3.1415926535900001 1.45 1 0 
1 -3.1415926535900001 -0.070710678118623055 1 0 
1 0 -1.5707963267948966 1 0 
1 0.43456729426270035 0 0 1 
7 0 0  14 41 4  8.487160847612131 -0.39999999999998231  8.4871608476114435 -0.39534910818771846  8.4865384323141217 -0.39069670495262704  8.485293250432937 -0.38607542273933038  8.4834283181111889 -0.38151604642897524  8.4809495544958473 -0.37704758212519296  8.4778653180340129 -0.37269732591839722  8.4741859415047127 -0.36849093268713179  8.4699232689313249 -0.36445248484750159  8.4650901900919067 -0.36060456116248063  8.4597001776722269 -0.35696830549442904  8.453766821919519 -0.35356349560162947  8.4473033673160938 -0.35040861190728934  8.440322247873036 -0.34752090628217869  8.4290908108712355 -0.34361425309190524  8.4252204639585866 -0.34238313585104463  8.4212250063768774 -0.34122549369471794  8.4171058360294193 -0.34014366347598401  8.412864310162476 -0.33913999294253738  8.4085017321978857 -0.33821688941431222  8.4040193358308208 -0.33737686838939046  8.3994182733084344 -0.33662260225376234  8.3946995983302877 -0.33595696886574467  8.3898642548157092 -0.33538310026732987  8.3849130602275945 -0.33490443128733843  8.3798466931855824 -0.33452474822210415  8.3746656782288547 -0.33424823746986776  8.3640750660750065 -0.33391083090539003  8.358665150100185 -0.33385052471364557  8.3531439570649066 -0.33389802884455205  8.3474951493413077 -0.33408775218137476  8.3417759544633299 -0.33432416589591257  8.3358397785202456 -0.33487274295844771  8.3299685823454315 -0.33524079821931163  8.3237280311686437 -0.33620415941319309  8.3176460691942964 -0.33683529772824056  8.3111870703172954 -0.33809148438029479  8.3047845065383434 -0.33921337799201623  8.2981158740759913 -0.34078457108215693  8.2913609134086688 -0.34249820297503597  8.2843104354477859 -0.34474876400861748 
 0.70000000000001017 15 0.91728364713136035 13 1.0259254706970355 13 1.1345672942627105 15
1 0 -1.5707963267948966 1 0 
1 0 0 1 0 
1 0 0.39999999999999858 1 0 
1 2.1033004250960032 0 0 1 
1 2.7999999999984908 0 1.3000027124613842e-033 -1 
1 0 0 0 1 
1 -2.7999999999984908 0 0 -1 
1 6.2831853071800001 0 0 1 
1 0 0 0 1 
1 3.1415926535900001 0 0 1 
1 3.1415926535900001 0 0 1 
1 6.2831853071800001 0 0 1 
1 0 0 0 1 
1 3.1415926535900001 0 0 1 
1 3.1415926535900001 0 0 1 
1 6.2831853071800001 0 0 1 
1 0 0 0 1 
1 3.1415926535900001 0 0 1 
1 3.1415926535900001 0 0 1 
1 0 1.5707963267948966 1 0 
1 0 0 1 0 
1 0 1.1000000000000014 1 0 
1 0 1.5707963267948966 1 0 
Curves 120
1 -24.099999999995003 54.122502875694309 95.661881201744919 0 -0.50000000000019063 -0.86602540378432857 
1 -24.099999999995003 53.922502875694235 95.315471040231188 1 2.6854442930982387e-017 3.3822478165362276e-017 
1 -24.499999999995001 48.322502875692109 85.615986517846707 1 2.6854442930982387e-017 3.3822478165362276e-017 
1 -23.399999999995 53.922502875694221 95.315471040231174 0 -0.50000000000019063 -0.86602540378432857 
2 -24.099999999995003 53.576092714180511 95.515471040231262 4.2718346775640821e-017 -0.50000000000018996 -0.86602540378432902 -1 -2.9935638194615172e-014 1.7234021872012554e-014 -3.4542034091042737e-014 0.86602540378432902 -0.50000000000018996 0.40000000000000002
2 -24.099999999995003 47.976092714178364 85.815986517846767 -0 0.50000000000019063 0.86602540378432857 -6.3453907000196817e-018 0.86602540378432857 -0.50000000000019063 -1 -5.4952695431538683e-018 3.1726953500110503e-018 0.40000000000000002
1 -24.499999999995001 53.776092714180578 95.861881201744993 0 -0.50000000000019063 -0.86602540378432857 
2 -24.099999999995003 53.576092714180511 95.515471040231262 1 1.4604965465484847e-014 -8.3828538449866267e-015 -1.68396980369976e-014 0.86602540378432902 -0.50000000000018996 -4.2718346775638664e-017 0.50000000000018996 0.86602540378432902 0.40000000000000002
1 -24.099999999995003 53.776092714180578 95.861881201744993 1 2.6854442930982387e-017 3.3822478165362276e-017 
2 -23.399999999995 53.576092714180504 95.515471040231262 1 2.6854442930982387e-017 3.3822478165362276e-017 -6.3453907000196786e-018 0.86602540378432902 -0.50000000000018996 -4.2718346775640808e-017 0.50000000000018996 0.86602540378432902 0.40000000000000002
2 -23.399999999995 47.976092714178371 85.815986517846767 -1 -2.6854442930982387e-017 -3.3822478165362276e-017 -6.3453907000215306e-018 0.86602540378435067 -0.50000000000015243 4.2718346775640537e-017 -0.50000000000015243 -0.86602540378435067 0.40000000000000002
2 -24.099999999995003 47.976092714178371 85.815986517846767 -1 -2.6854442930982387e-017 -3.3822478165362276e-017 -6.3453907000215306e-018 0.86602540378435067 -0.50000000000015243 4.2718346775640537e-017 -0.50000000000015243 -0.86602540378435067 0.40000000000000002
1 -24.499999999995001 47.776092714178304 85.46957635633305 1 2.6854442930982387e-017 3.3822478165362276e-017 
2 -23.399999999995 53.576092714180504 95.515471040231262 5.4886949257347766e-017 -0.50000000000018996 -0.86602540378432902 1 3.2938744171838171e-017 4.4360797043073533e-017 6.3453907000196694e-018 -0.86602540378432902 0.50000000000018996 0.40000000000000002
1 -22.999999999995001 53.57609271418049 95.515471040231247 0 -0.50000000000019063 -0.86602540378432857 
2 -23.399999999995 47.976092714178364 85.815986517846781 0 -0.50000000000019063 -0.86602540378432857 -6.3453907000196817e-018 0.86602540378432857 -0.50000000000019063 1 5.4952695431538683e-018 -3.1726953500110503e-018 0.40000000000000002
2 -24.099999999995003 53.576092714180497 95.515471040231247 0 0.86602540378432857 -0.50000000000019085 -1 -2.1359173387828558e-017 -3.6995173515373307e-017 -4.2718346775640821e-017 0.50000000000019085 0.86602540378432857 0.40000000000000002
2 -24.099999999995003 47.976092714178371 85.815986517846767 -6.3453907000215306e-018 0.86602540378435067 -0.50000000000015243 4.2718346775640537e-017 -0.50000000000015243 -0.86602540378435067 -1 -2.685444293098239e-017 -3.3822478165362276e-017 0.40000000000000002
1 -24.499999999995001 45.760297363472006 100.02792258989612 0 0.86602540378432857 -0.50000000000019085 
1 -24.499999999995001 47.976092714178385 85.815986517846781 6.3453907000196817e-018 -0.86602540378432902 0.50000000000018996 
1 -24.499999999995001 34.473248406391882 100.07818032870151 0 0.99999008691982205 -0.004452646638414123 
7 1 0  7 8 2  -24.499999999995001 40.160297363469908 90.328438067511613  1.0000000000000002 -24.499999999995001 40.105839781519244 90.421798858353057  0.99999999999999323 -24.499999999995001 40.05741049174302 90.504824887630036  1.0000000000000235 -24.499999999995001 40.008099491290565 90.589362500842654  0.99999999999996536 -24.499999999995001 39.958864309406799 90.673770132493104  1.0000000000000278 -24.499999999995001 39.908583699635649 90.759970020995141  0.99999999999998679 -24.499999999995001 39.858103704597447 90.846511730884174  1.0000000000000038 -24.499999999995001 39.807601559476467 90.933091414351452  1
 1.1345672942614384 8 1.6744254417347366 8
1 -24.499999999995001 39.807601559476467 90.933091414351452 0 -0.50385114856247737 0.86379049548618703 
8 0 3.1415926535897611
2 -5.7445626465380002 4.0000000000000169 1.5 -0 0 1 -1 -1.6071799975526078e-014 0 1.6071799975526078e-014 -1 0 1.0499999999999996
8 0 3.1415926535897576
2 -5.7445626465380002 3.9999999999999813 1.5 0 0 1 1 1.7763568394002508e-014 -0 -1.7763568394002508e-014 1 0 1.0499999999999998
8 0 3.1415926535897576
2 -5.7445626465380002 -4.0000000000000187 1.5 0 0 -1 -1 1.7763568394002508e-014 0 1.7763568394002508e-014 1 0 1.0499999999999998
8 0 3.1415926535897594
2 -5.7445626465380002 -3.9999999999999822 1.5 -0 0 -1 1 -1.6917684184764293e-014 -0 -1.6917684184764293e-014 -1 0 1.0499999999999998
8 0 3.141592653589806
2 3.3306690738754696e-016 -2.886579864025407e-014 1.5 -0 0 -1 1 6.5370865999711937e-015 0 6.5370865999711937e-015 -1 -0 4.5
8 0 3.1415926535897958
2 -3.3306690738754696e-016 5.9952043329758453e-015 1.5 0 0 -1 -1 -1.3322676295501878e-015 -0 -1.3322676295501878e-015 1 0 4.5
2 7 0 1.5 0 0 -1 1 0 0 0 -1 0 1.05
2 7 0 1.5 0 0 -1 1 0 0 0 -1 0 1.05
1 -24.499999999995001 45.960297363472094 100.37433275140987 1 2.6854442930982384e-017 3.3822478165362269e-017 
1 -24.099999999995003 45.96029736347208 100.37433275140985 0 0.86602540378432857 -0.50000000000019085 
1 -23.399999999995 45.96029736347208 100.37433275140985 0 0.86602540378432857 -0.50000000000019085 
2 -23.399999999995 53.576092714180504 95.515471040231262 -6.3453907000196817e-018 0.86602540378432902 -0.50000000000018996 6.3453907000199028e-018 0.50000000000018996 0.86602540378432902 1 2.322574193142714e-018 -8.667964893165109e-018 0.40000000000000002
2 -23.399999999995 47.976092714178371 85.815986517846767 6.3453907000215306e-018 -0.86602540378435067 0.50000000000015243 4.2718346775640537e-017 -0.50000000000015243 -0.86602540378435067 1 2.685444293098239e-017 3.3822478165362276e-017 0.40000000000000002
1 -23.399999999995 47.776092714178311 85.46957635633305 6.3453907000196817e-018 -0.86602540378432902 0.50000000000018996 
1 -24.099999999995003 47.776092714178311 85.46957635633305 6.3453907000196817e-018 -0.86602540378432902 0.50000000000018996 
7 1 0  7 8 2  -23.399999999995 40.566515146118306 89.632027905998086  1 -23.399999999995 40.501078515707142 89.669807762180852  0.99999999999999589 -23.398223785423102 40.435686551972644 89.707561830045776  1.000000000000012 -23.394675149005636 40.371279104284959 89.744747487306242  0.99999999999998079 -23.388960135288304 40.310141142145213 89.780045506205141  1.0000000000000169 -23.380279329786816 40.250834016333833 89.814286491257377  0.99999999999999056 -23.36711554081927 40.1966532410068 89.84556777647731  1.0000000000000029 -23.344748764003249 40.135970973571261 89.880602699916267  1
 55.732487543500781 8 56.272345690974049 8
1 -23.399999999995 39.960297363469842 89.982027905997896 -1 -2.6854442930982381e-017 -3.3822478165362282e-017 
7 1 0  14 41 4  -23.344748764003256 40.13597097357129 89.880602699916253  0.99999999999999867 -23.342498202969828 40.129865080548164 89.884127938896768  0.99999999999947853 -23.340784571076618 40.12401511301033 89.887505419229853  1.0000000000024414 -23.339213377987573 40.118239907882646 89.890839735462919  0.99999999999305567 -23.338091484373606 40.112695125020927 89.894041017347774  1.0000000000145945 -23.336835297725827 40.107101467866961 89.897270516795032  0.99999999997583511 -23.336204159404026 40.101834334363659 89.900311497767945  1.0000000000324094 -23.335240798218454 40.096429858417842 89.903431773377648  0.99999999996434763 -23.334872742950715 40.09134525348059 89.906367371435536  1.0000000000322997 -23.334324165891736 40.086204374221516 89.909335459441436  0.99999999997593725 -23.334087752176242 40.081251406235332 89.912195056849555  1.0000000000146267 -23.333898028839553 40.076359395206609 89.915019460731656  0.99999999999287181 -23.333850524708581 40.071577901795507 89.917780057239952  1.0000000000026861 -23.333910830900447 40.066892777124693 89.920485015229858  0.99999999999927658 -23.33424823746487 40.057721037957769 89.925780321306817  1.0000000000009515 -23.334524748217166 40.053234147393127 89.928370828782164  0.99999999999496902 -23.334904431282411 40.048846544809159 89.930904012315011  1.0000000000143949 -23.335383100262234 40.044558684568486 89.933379609579433  0.99999999997055189 -23.335956968861225 40.040371154151856 89.93579728139234  1.0000000000467237 -23.336622602248099 40.036284661893163 89.93815661879843  0.99999999994039823 -23.337376868385494 40.032300024689391 89.940457150160142  1.00000000006224 -23.338216889408333 40.028418155739196 89.942698348243951  0.99999999994638633 -23.339139992938485 40.024640052255414 89.944879637307025  1.0000000000380314 -23.340143663470581 40.020966783195696 89.947000400187633  0.99999999997807509 -23.341225493690033 40.017399476984892 89.949059985388644  1.0000000000099432 -23.342383135846092 40.013939309237813 89.951057714168883  0.99999999999672362 -23.343614253087015 40.01058749048542 89.952992887627843  1.0000000000005931 -23.347520906277314 40.000860780721226 89.958608606128536  0.99999999999902656 -23.350408611902257 39.994814953939205 89.962099165848613  1.0000000000041902 -23.353563495597172 39.989217438046069 89.965330893156292  0.99999999998816513 -23.356968305488614 39.984079001260092 89.968297571017956  1.000000000025052 -23.360604561159075 39.979411113531455 89.970992577254535  0.99999999995822175 -23.364452484840591 39.975225544545296 89.973409116635537  1.0000000000561986 -23.368490932684431 39.971533961729435 89.975540452967863  0.99999999993831468 -23.372697325911378 39.968347528262377 89.977380141187979  1.0000000000555 -23.377047582121925 39.965676501072203 89.978922259455089  0.99999999995913857 -23.381516046422931 39.963529828854092 89.980161641238197  1.0000000000243521 -23.386075422734972 39.961914750063237 89.981094107412787  0.99999999998856204 -23.390696704947448 39.960836390932386 89.981716698347299  1.0000000000039753 -23.395349108182817 39.96029736346982 89.982027905997896  0.9999999999991549 -23.399999999995007 39.960297363469834 89.982027905997896  1
 56.272345690974035 15 56.380987514539392 13 56.489629338104749 13 56.706912985235469 15
1 -22.999999999995001 45.760297363472006 100.02792258989612 0 0.86602540378432857 -0.50000000000019085 
1 -22.999999999995001 34.473248406391882 100.07818032870151 0 0.99999008691982205 -0.004452646638414123 
1 -22.999999999995001 47.976092714178385 85.815986517846781 6.3453907000196817e-018 -0.86602540378432902 0.50000000000018996 
1 -22.999999999995001 40.213819342124893 90.236681252837897 0 -0.50385114856247737 0.86379049548618703 
7 1 0  7 8 2  -22.999999999995001 40.766515146118373 89.978438067511803  1 -22.999999999995001 40.679711452715772 90.028554203264505  0.99999999999999589 -22.999999999995001 40.592945831141378 90.078648358236819  1.000000000000012 -22.999999999995001 40.506522915358069 90.128544651928721  0.99999999999998079 -22.999999999995001 40.421896893579536 90.177403508382753  1.0000000000000169 -22.999999999995001 40.337140553935313 90.226337603892048  0.99999999999999056 -22.999999999995001 40.253899709187451 90.274396728014807  1.0000000000000029 -22.999999999995001 40.16029736346988 90.328438067511655  1
 55.732487543500781 8 56.272345690974049 8
2 -22.999999999995001 43.328274241634212 94.965728779040674 1 2.6854442930982387e-017 3.3822478165362276e-017 6.3453907000198265e-018 -0.86602540378433068 0.50000000000018696 4.2718346775640784e-017 -0.50000000000018696 -0.86602540378433068 4.9000000000000004
2 -22.999999999995001 43.328274241634212 94.965728779040674 1 2.6854442930982387e-017 3.3822478165362276e-017 -6.3453907000197464e-018 0.86602540378432979 -0.50000000000018863 -4.2718346775640796e-017 0.50000000000018863 0.86602540378432979 4.9000000000000004
8 0 3.1415926535897611
2 -5.7445626465380002 3.9999999999999831 0 0 0 -1 -1 1.6071799975526078e-014 0 1.6071799975526078e-014 1 0 1.0499999999999996
8 0 3.1415926535897576
2 -5.7445626465380002 4.0000000000000187 0 -0 0 -1 1 -1.7763568394002508e-014 -0 -1.7763568394002508e-014 -1 0 1.05
8 0 3.1415926535897594
2 -5.7445626465380002 -3.9999999999999822 0 -0 0 1 -1 -1.6917684184764293e-014 0 1.6917684184764293e-014 -1 0 1.0499999999999998
8 0 3.1415926535897594
2 -5.7445626465380002 -4.0000000000000178 0 0 0 1 1 1.6917684184764293e-014 -0 -1.6917684184764293e-014 1 0 1.0499999999999996
2 7 0 0 0 0 1 1 0 -0 -0 1 0 1.05
2 7 0 0 0 0 1 1 0 -0 -0 1 0 1.05
2 -24.099999999995003 45.760297363472013 100.02792258989614 -6.3453907000187942e-018 0.86602540378431869 -0.50000000000020794 -4.2718346775640938e-017 0.50000000000020794 0.86602540378431869 1 2.6854442930982384e-017 3.3822478165362269e-017 0.40000000000000002
7 1 0  14 41 4  -24.099999999995003 39.960297363469834 89.982027905997896  1.0000000000000009 -24.114658453412442 39.960297363469834 89.982027905997896  0.99999999999996103 -24.129315405756827 39.96049689889422 89.982579546557332  1.000000000000177 -24.144002355159593 39.96089813238661 89.983683020043387  0.9999999999995357 -24.158748940678478 39.961505263887098 89.985346934067962  1.0000000000008715 -24.17358192177581 39.962325128827672 89.987587898040019  0.99999999999869782 -24.18852415779844 39.963367796330445 89.990430109719398  1.0000000000016172 -24.203593587456901 39.964647167401054 89.993904941769685  0.99999999999832623 -24.218802208302417 39.966181573128928 89.998050528309591  1.00000000000141 -24.234155056210859 39.967994372879275 90.002911351470502  0.99999999999907041 -24.249649184854661 39.970114552493619 90.008537827942092  1.0000000000004503 -24.265272645189942 39.972577322482771 90.014985895534238  0.99999999999985756 -24.281003464928578 39.975424716225518 90.022316599721847  1.0000000000000164 -24.296808628022212 39.978706188163628 90.030595680203803  1.0000000000000122 -24.320560267196903 39.984365723916525 90.044541896077121  0.99999999999997957 -24.328485376738261 39.986374685387766 90.04944485050018  1.0000000000001739 -24.336412606239843 39.98851529600978 90.054612229020293  0.99999999999942879 -24.344335765182052 39.99079646488039 90.060053921344235  1.0000000000012466 -24.352248127230485 39.993227301154413 90.065779841508018  0.99999999999810496 -24.360142308411977 39.995817604601676 90.071800270780599  1.000000000001914 -24.368010145302271 39.998578356161843 90.078126200600494  0.99999999999898181 -24.375842573194745 40.001522208504376 90.084769675459881  0.99999999999968059 -24.383629504294838 40.004663976581284 90.091744135859727  1.0000000000012672 -24.391359705885222 40.008021128188709 90.099064761183058  0.99999999999858702 -24.399020678519019 40.011614274519168 90.106748812648632  1.0000000000009968 -24.406598534190337 40.015467660722223 90.114815976197477  0.99999999999950895 -24.414077874520302 40.019609656458734 90.123288705426816  1.0000000000001705 -24.428805463347924 40.028536836459644 90.14109642356523  0.99999999999974742 -24.43603194691023 40.033439365459607 90.150514211446151  1.0000000000014435 -24.443335219333783 40.037560853492828 90.159587866140257  0.99999999999568323 -24.449451557762263 40.047680669116495 90.173101058562196  1.0000000000091798 -24.458702680692799 40.040321643153767 90.174497773287527  0.99999999998493438 -24.460081564798053 40.075010736422534 90.205764540185811  1.0000000000197864 -24.474718764784118 40.037252296670609 90.186148858377848  0.99999999997877442 -24.470517723932815 40.100694661156538 90.238131237357962  1.0000000000187725 -24.486313830316565 40.055062289514446 90.213398566366507  0.99999999998633238 -24.483791089040366 40.107483429847861 90.258056210462598  1.0000000000080813 -24.493706918327778 40.091539628553363 90.254714879939115  0.99999999999623512 -24.495135905294632 40.119979139874964 90.282925218095144  1.0000000000012947 -24.49999999999574 40.128316794867537 90.297193451371442  0.99999999999972744 -24.499999999995001 40.160297363469901 90.328438067511641  1
 0.70000000000001017 15 0.91728364713136035 13 1.0259254706970355 13 1.1345672942627105 15
2 -24.099999999995003 34.473248406391868 100.07818032870148 -2.6703577177030101e-017 0.99999008691982216 -0.0044526466384302577 -3.3941716225467962e-017 0.0044526466384302577 0.99999008691982216 1 2.685444293098239e-017 3.3822478165362276e-017 0.40000000000000002
1 -24.099999999995003 34.47502946504725 100.47817636346943 0 0.99999008691982205 -0.004452646638414123 
2 -24.099999999995003 45.76029736347202 100.02792258989615 0 0.99999008691982205 -0.004452646638414123 -1 -1.5113046865333412e-019 -3.3941379758513216e-017 -3.3941716225467543e-017 0.0044526466384141239 0.99999008691982216 0.40000000000000002
7 1 0  2 3 2  -24.499999999995001 40.160297363469901 90.328438067511641  1 -24.500000000001013 39.814781165276315 90.126897608085102  0.70710678118037829 -24.155251235985329 39.712574752121192 90.302117866117712  1
 0 3 0.43456729426270035 3
7 1 0  7 8 2  -24.155251235986753 39.712574752120631 90.302117866118678  1.0000000000000002 -24.132884459170729 39.677269979291594 90.362643533871989  0.99999999999999323 -24.119720670203201 39.645747756318563 90.416684487590942  1.0000000000000235 -24.111039864701699 39.611243037025439 90.475838562479638  0.99999999999996536 -24.105324850984356 39.575673142297155 90.53681874894815  1.0000000000000278 -24.1017762145669 39.53820107005572 90.601059983568163  0.99999999999998679 -24.099999999995003 39.500156209142411 90.66628319354345  1.0000000000000038 -24.099999999994999 39.462085361281993 90.731550954926462  1
 1.1345672942614384 8 1.6744254417347366 8
7 1 0  2 3 2  -24.499999999995001 39.807601559476467 90.933091414351452  1 -24.499999999995001 39.462085361281993 90.731550954926448  0.70710678118654757 -24.099999999994999 39.462085361281993 90.731550954926462  1
 0 3 0.53985814747329819 3
1 -24.099999999995003 39.462085361281993 90.731550954926462 0 -0.50385114856247737 0.86379049548618703 
2 -24.099999999995003 34.473248406391875 100.07818032870149 0 -0.50385114856247737 0.86379049548618703 -1 -3.4757294414230524e-017 -2.0274016446172246e-017 4.0238107036205905e-017 -0.86379049548618703 -0.50385114856247737 0.40000000000000002
1 -4.7445626465380002 4 1.45 0.70710678118654757 0 0.70710678118654757 
1 -6.7445626465380002 4 1.45 -0.70710678118654757 8.6595605623434599e-017 0.70710678118654757 
2 -5.7445626465380002 4 1.45 0 0 1 1 0 -0 -0 1 0 1
2 -5.7445626465380002 4 1.45 0 0 1 1 0 -0 -0 1 0 1
1 -4.7445626465380002 -4 1.45 0.70710678118654757 0 0.70710678118654757 
2 -5.7445626465380002 -4 1.45 0 0 1 1 0 -0 -0 1 0 1
1 -6.7445626465380002 -4 1.45 -0.70710678118654757 8.6595605623434599e-017 0.70710678118654757 
2 -5.7445626465380002 -4 1.45 0 0 1 1 0 -0 -0 1 0 1
1 -4.5 0 1.5 -0 -0 -1 
2 -23.399999999995 43.328274241634212 94.965728779040674 1 2.6854442930982387e-017 3.3822478165362276e-017 6.3453907000198265e-018 -0.86602540378433068 0.50000000000018696 4.2718346775640784e-017 -0.50000000000018696 -0.86602540378433068 4.5
1 4.5 5.5109105961629998e-016 1.5 -0 -0 -1 
